111.76 -76.2
137.16 -76.2
137.16 50.8
111.76 50.8
-38.1 -38.1
38.1 -38.1
38.1 38.1
-38.1 38.1
-129.54 -68.58
-104.14 -68.58
-104.14 58.42
-129.54 58.42
165.155 -10.2321 169.435 -1.19414
160.875 -19.27 165.155 -10.2321
156.595 -28.3079 160.875 -19.27
152.316 -37.3458 156.595 -28.3079
148.101 -54.9 152.316 -37.3458
149.395 -64.7525 148.101 -54.9
145.694 -79.6644 149.395 -64.7525
127.218 -81.1255 145.694 -79.6644
113.851 -79.6215 127.218 -81.1255
96.9614 -82.8683 113.851 -79.6215
87.1155 -78.4741 96.9614 -82.8683
67.3033 -76.8839 87.1155 -78.4741
48.0149 -75.4009 67.3033 -76.8839
32.775 -69.7389 48.0149 -75.4009
14.2231 -77.1578 32.775 -69.7389
-0.310437 -81.5017 14.2231 -77.1578
-17.2732 -89.8792 -0.310437 -81.5017
-34.6719 -83.1615 -17.2732 -89.8792
-52.9658 -83.1219 -34.6719 -83.1615
-67.4233 -85.5033 -52.9658 -83.1219
-79.1813 -86.3837 -67.4233 -85.5033
-98.2836 -83.1833 -79.1813 -86.3837
-116.973 -76.4614 -98.2836 -83.1833
-124.771 -70.202 -116.973 -76.4614
-130.81 -59.2389 -124.771 -70.202
-139.572 -49.0026 -130.81 -59.2389
-147.619 -35.128 -139.572 -49.0026
-156.598 -19.3646 -147.619 -35.128
-168.131 -9.82374 -156.598 -19.3646
-170 0 -168.131 -9.82374
