111.76 -76.2
137.16 -76.2
137.16 50.8
111.76 50.8
-38.1 -38.1
38.1 -38.1
38.1 38.1
-38.1 38.1
-129.54 -68.58
-104.14 -68.58
-104.14 58.42
-129.54 58.42
-150 0
-150 0 -141.334 18.0252
-150 0 -136.745 -14.9772
-150 0 -131.719 -34.3351
-150 0 -142.511 37.9906
-150 0 -130.085 -1.84213
-142.511 37.9906 -139.176 57.7107
-133.916 53.8777 -124.925 71.743
-119.68 74.1838 -106.268 78.9463
-107.483 66.7525 -87.9311 70.9603
-106.564 63.8142 -69.5947 62.9744
-65.1235 56.04 -51.2583 54.9884
-65.1235 56.04 -32.9218 47.0025
-50.9102 50.52 -14.5854 39.0165
-139.176 57.7107 -135.512 88.7114
-68.8094 69.6746 -44.5596 73.8333
-150 0 -156.629 -12.8187
-89.7925 72.9136 -60.6278 80.8516
-56.5607 79.2268 -29.6038 87.112
-141.38 -25.9175 -133.964 -54.2087
-73.4099 45.7475 -42.2995 29.3373
-149.138 -40.1809 -141.754 -72.6292
-150 0 -161.163 20.6409
-147.533 72.5735 -139.205 108.367
-135.917 88.8541 -137.006 128.246
-24.6928 97.0014 -14.2333 99.9084
-135.569 -53.4079 -126.717 -85.8165
-147.182 112.366 -141.678 147.693
-17.6997 48.4511 4.88045 43.6079
-124.962 -81.5492 -107.467 -91.2393
-125.083 134.72 -122.738 154.117
-124.962 -81.5492 -88.3013 -85.5219
-148.801 44.2093 -151.39 73.5482
-29.1136 101.005 3.39558 109.354
-3.8934 47.3269 24.4573 39.5158
13.1745 51.4475 42.6516 47.8206
-64.5928 25.7031 -50.1995 10.9637
26.6125 61.5378 60.4593 56.9248
-124.925 71.743 -100.585 86.4487
33.7651 69.7183 73.62 71.9845
43.2819 48.8553 73.1222 41.4441
70.0073 43.8464 93.1214 41.621
40.0396 37.916 74.0274 21.4646
62.8209 17.366 74.9327 1.48507
62.8209 17.366 75 0
-77.4557 23.1216 -56.3057 -8.08141
-77.5855 -94.2605 -71.1495 -95.8086
-89.3692 57.5611 -52.8553 45.3727
-64.2222 -40.4902 -39.8524 -19.452
-69.7281 -102.25 -55.3589 -108.083
-124.962 -81.5492 -114.934 -109.793
-132.705 -88.1786 -125.919 -126.506
76.1547 0.816685 89.7217 -13.5378
62.8209 17.366 75 0
-69.7281 -102.25 -36.1553 -113.671
-20.4488 120.4 -0.350899 129
-155.126 -62.4221 -157.477 -84.99
26.0178 81.529 58.6924 85.2949
-77.1616 -78.7215 -63.1802 -77.4649
59.0719 -41.6831 93.2028 -33.2325
-49.6417 84.7713 -42.0283 88.204
-44.1219 -104.607 -17.2354 -107.187
-62.2856 -113.737 -26.2881 -131.067
-150 0 -130.664 -5.11185
-85.1186 88.1682 -77.9517 90.8458
-150 0 -162.453 6.31444
-4.29208 62.103 16.3569 59.9875
-137.484 58.2349 -130.652 90.9056
-74.2396 -60.5109 -41.3732 -39.3941
-30.7102 -106.254 2.41815 -110.893
-124.962 -81.5492 -95.1567 -106.815
-166.664 27.1775 -173.088 36.6967
-64.5928 25.7031 -60.5993 21.2677
-120.089 -99.7016 -108.277 -135.928
-33.2306 85.4358 -9.62232 87.9726
-86.2308 32.8525 -79.8183 26.802
-86.2308 32.8525 -70.1858 11.7034
-150 0 -149.258 -7.53434
-106.564 63.8142 -74.6648 71.1177
-14.1373 79.5119 9.98288 84.0183
35.5091 -43.2936 64.8724 -17.2462
-4.60552 -95.1833 15.3886 -95.6694
-124.962 -81.5492 -92.4093 -65.9483
-123.618 93.7922 -120.76 108.288
-86.2308 32.8525 -89.8531 8.07066
84.515 8.6175 109.517 -10.6814
59.9349 -56.7339 84.4893 -51.2346
-150 0 -167.326 -29.7175
58.2169 77.752 91.2183 81.4871
-37.1815 113.854 -19.48 123.163
-90.2132 48.3227 -98.8075 33.0798
-8.20816 98.2287 23.2822 107.228
-150 0 -161.974 -32.091
-107.483 66.7525 -86.4615 76.168
-25.5197 -117.292 -7.35518 -124.576
-134.586 -113.504 -133.332 -117.636
-147.533 72.5735 -146.444 105.459
-51.7429 98.6378 -32.3578 106.921
-174.827 -21.1133 -186.341 -35.9165
-62.942 66.5719 -31.6847 66.9642
-124.962 -81.5492 -108.398 -115.928
26.6319 -47.1669 52.7465 -33.151
-27.6757 -108.086 11.2282 -117.183
-24.6758 63.2557 -3.48237 62.5177
-54.8238 -85.4424 -18.5353 -87.2293
32.5259 -49.463 69.1651 -44.5715
-107.467 -91.2393 -76.0685 -100.845
-5.34614 83.7327 27.6226 93.4438
-54.2019 101.343 -29.0881 113.3
22.1803 -64.9336 55.187 -58.8758
46.023 -77.2676 63.0173 -77.2793
17.1486 -118.398 31.0167 -120.084
21.3407 -62.1878 52.2094 -55.1784
30.4103 -75.9091 43.2696 -74.1122
-23.2389 -97.3641 2.09195 -102.044
-20.767 -100.896 15.8973 -106.992
-124.962 -81.5492 -92.0526 -88.8237
-147.533 72.5735 -147.369 104.817
-22.9375 -142.25 -14.7527 -147.405
77.8986 -53.2101 106.852 -47.8507
-32.8204 59.0499 -12.9588 59.94
62.8209 17.366 83.9914 -11.3756
62.8209 17.366 75 0
-3.8934 47.3269 26.9981 43.0533
76.0525 20.2123 104.592 8.70281
-72.2108 -88.1458 -39.9682 -94.0374
-54.7059 96.3632 -29.4256 103.734
-93.1334 -65.7729 -78.1002 -51.9752
-106.564 63.8142 -90.3875 28.0635
-149.258 -7.53434 -148.782 -47.1232
-150 0 -142.112 14.5509
-155.478 89.8738 -156.507 122.743
-95.1197 82.4731 -58.2619 94.355
-26.1936 -72.3971 -8.6895 -69.8207
-83.7459 -36.1517 -74.3522 -16.7025
-13.6951 114.103 18.5343 126.656
17.1486 -118.398 50.89 -122.332
-47.4687 105.856 -13.0472 120.74
-44.1219 -104.607 -17.5427 -107.205
8.20673 97.0349 20.9872 100.719
-150 0 -174.827 -21.1133
-157.795 -18.8755 -172.203 -50.0631
-77.1019 61.4815 -54.0191 56.2118
-28.3307 -61.2281 3.2098 -53.7456
-67.0729 112.694 -36.0068 134.426
-8.20816 98.2287 16.6816 106.742
19.8884 -92.9175 55.2878 -95.7253
72.9952 -97.9058 75.16 -97.9825
-69.7482 110.728 -66.2675 112.683
-48.1692 -143.006 -32.735 -156.159
-85.1186 88.1682 -70.8542 93.2159
44.7479 -55.641 51.7126 -54.3394
87.1929 -31.3359 111.598 -25.3826
-106.564 63.8142 -82.7592 47.918
77.8485 25.4476 93.7818 24.5898
-56.1734 -102.661 -24.7749 -106.231
22.1803 -64.9336 48.2514 -63.7897
-117.261 114.39 -106.585 142.324
2.42414 -75.9956 23.2703 -74.275
-62.2856 -113.737 -44.7205 -123.305
-80.1827 8.53495 -77.606 3.03108
-46.3055 104.491 -9.91701 118.998
-108.398 -115.928 -92.1158 -147.71
-148.295 -46.6811 -146.594 -83.5951
6.3895 -105.383 35.5681 -110.606
-39.2747 -94.1827 -2.46474 -99.1345
-32.3813 -86.3236 3.53416 -85.6504
14.1137 72.6234 27.4962 74.36
-86.3715 -82.8359 -49.9021 -76.6788
-92.4093 -65.9483 -62.892 -38.9863
41.6565 -72.3829 76.8595 -69.722
-135.42 -59.0098 -129.437 -93.8738
-76.9451 -121.848 -47.4326 -142.595
-149.916 -77.9916 -148.497 -104.597
-93.9282 96.8506 -83.0985 110.172
-83.0985 110.172 -66.3959 132.682
-137.484 58.2349 -106.564 63.8142
-58.2539 -59.5789 -52.7678 -56.8852
-68.2914 -124.279 -42.9372 -142.149
40.0396 37.916 75.1713 31.9145
-157.282 51.8663 -155.109 84.718
8.30839 -130.006 31.4437 -140.079
-37.2623 130.651 -3.05415 148.817
-160.178 24.7264 -166.356 39.9547
40.0396 37.916 60.0395 37.9383
22.2646 -53.638 49.7765 -49.4789
26.9014 73.4568 52.9257 75.4516
-75.2441 66.4523 -38.1448 70.0894
-69.7482 110.728 -67.0729 112.694
-142.335 -116.128 -139.759 -140.944
-25.5197 -117.292 2.41063 -130.893
-54.8238 -85.4424 -32.3813 -86.3236
-79.0613 45.9848 -61.9075 35.7015
60.2118 94.0588 84.2501 100.234
-93.1334 -65.7729 -78.8536 -51.0374
-94.1663 89.7235 -83.6477 97.0854
-55.133 133.111 -32.333 154.086
-26.7856 -151.061 -5.80219 -165.291
-57.5365 -143.563 -36.5562 -161.104
-130.652 90.9056 -126.735 102.056
-150 0 -160.178 24.7264
-129.246 107.709 -125.083 134.72
-86.6202 -86.9722 -55.3887 -88.0829
9.59821 -101.764 35.8945 -106.653
-103.489 107.779 -86.3909 133.126
-97.5402 116.522 -78.5214 148.588
-50.2908 -86.7447 -20.045 -89.5986
-50.9102 50.52 -18.4372 40.7049
-78.7216 -113.559 -72.4037 -118.546
-72.2108 -88.1458 -41.9368 -95.0242
-148.801 44.2093 -151.226 76.3397
35.4115 99.7281 52.3386 104.259
63.0851 24.145 84.6734 10.5044
62.8209 17.366 75 0
-139.176 57.7107 -135.493 88.7256
-54.7059 96.3632 -34.2297 100.288
-124.962 -81.5492 -114.293 -106.937
-102.55 103.621 -95.5415 115.342
-25.5197 -117.292 8.30839 -130.006
39.3459 90.3657 73.9732 98.1984
-91.601 128.275 -79.8834 147.45
51.8599 111.106 67.496 117.307
-69.7482 110.728 -48.9242 122.643
40.0396 37.916 73.6111 37.222
-87.5508 -100.497 -59.969 -112.711
22.1803 -64.9336 58.5493 -61.6762
-8.58067 -53.418 22.5256 -48.5591
13.3037 56.3769 35.4884 54.1578
-77.4557 23.1216 -61.5411 1.28988
-47.5595 53.8442 -15.1057 44.3522
2.10417 133.328 17.0326 138.89
-16.8133 77.6985 12.1248 80.8018
-55.3589 -108.083 -25.9305 -117.163
-79.1604 72.8614 -64.3276 76.8703
76.0525 20.2123 106.366 9.04535
-76.9451 -121.848 -53.7692 -141.141
35.5378 -110.394 60.6006 -115.007
-133.916 53.8777 -119.68 74.1838
-64.0226 15.8136 -41.0219 -6.80628
52.9257 75.4516 92.6755 78.0579
-111.164 -100.575 -89.7371 -128.524
-74.2396 -60.5109 -70.7632 -58.9582
70.0073 43.8464 106.183 40.2812
-0.129091 71.3105 26.9014 73.4568
-62.1892 84.603 -43.2009 89.234
-124.962 -81.5492 -91.117 -94.6691
66.1973 18.1617 91.0313 -3.04658
62.8209 17.366 75 0
-64.5928 25.7031 -48.5532 10.355
-62.1584 15.7343 -50.891 3.78201
-14.939 93.8619 9.25178 101.35
35.5091 -43.2936 64.0271 -25.2428
15.9635 104.395 32.6543 107.799
-42.1956 -124.83 -13.9875 -142.343
5.27788 69.8226 44.1503 72.1848
-150 0 -168.217 1.92634
40.0396 37.916 55.7282 7.06945
-173.146 -6.05521 -194.628 -18.2971
76.0525 20.2123 108.105 7.36849
12.7693 -85.8867 37.0738 -86.6878
-135.569 -53.4079 -125.95 -83.599
-1.83823 113.72 35.0969 127.649
-93.1334 -65.7729 -71.4886 -49.8472
9.14347 -142.92 19.2752 -146.731
-150 0 -187.159 8.34456
53.3527 3.72705 46.8874 -10.8705
-1.92495 78.7265 12.9851 79.8151
13.8999 47.959 29.995 45.3586
-54.2019 101.343 -33.8135 109.541
-78.8536 -51.0374 -55.7937 -25.5359
62.8209 17.366 71.739 2.22665
62.8209 17.366 75 0
-27.9885 -82.767 7.5289 -82.797
-89.7925 72.9136 -63.9881 78.5803
-153.891 24.8679 -158.049 51.0913
74.3556 40.667 94.9198 35.0766
67.3251 -72.4848 96.8594 -69.7996
26.6125 61.5378 64.9587 59.4765
-139.176 57.7107 -133.284 85.1756
-73.0141 49.9515 -41.915 36.2521
-162.865 -58.3296 -164.515 -66.2695
-57.9133 -64.5343 -23.8571 -56.7844
-108.192 83.7478 -77.2389 107.279
67.987 24.9798 90.6784 13.8169
26.6319 -47.1669 56.3695 -28.4798
-150 0 -147.972 32.0798
44.5216 69.0074 73.89 71.1948
-36.6917 132.07 -21.578 141.276
-124.962 -81.5492 -95.2733 -100.751
-86.2308 32.8525 -81.5171 22.6449
32.0553 111.919 52.3758 117.577
-37.4851 -101.669 -22.0711 -103.083
-84.8387 91.16 -53.463 105.813
37.0738 -86.6878 65.55 -86.2173
21.7395 68.6825 45.897 66.5236
6.72971 -56.4645 26.3005 -54.5059
-12.0802 54.2068 11.9415 49.7856
74.9198 35.0475 108.374 28.9444
5.92687 84.0795 39.3459 90.3657
-87.5508 -100.497 -60.2488 -113.081
-84.8387 91.16 -57.0506 104.369
-74.2396 -60.5109 -73.9809 -60.6321
42.161 -66.6898 79.7386 -61.548
-111.164 -100.575 -87.2187 -131.982
-95.1567 -106.815 -84.453 -119.002
-150 0 -151.715 -33.9363
-32.3813 -86.3236 -12.3571 -84.9292
-77.5855 -94.2605 -49.962 -99.2007
-89.4476 -44.7833 -92.5389 -25.0237
-28.7767 -54.1387 -10.9868 -49.953
65.2401 -56.663 99.5991 -52.1821
-111.164 -100.575 -96.5459 -117.66
-150 0 -147.769 -22.4031
2.42414 -75.9956 21.9204 -73.635
-90.7673 -71.5048 -61.7362 -63.4739
54.394 60.6832 88.8275 61.1547
-56.6874 78.2519 -29.2903 84.3435
-22.0988 -103.478 13.0913 -111.214
-16.5146 -117.339 20.8842 -126.796
-1.83823 113.72 34.1101 127.746
-150 0 -171.757 -4.41334
-29.2458 133.299 1.26225 151.19
-0.129091 71.3105 36.768 74.1168
-135.42 -59.0098 -132.519 -98.7031
-38.1448 70.0894 -0.129091 71.3105
-48.1692 -143.006 -30.2178 -157.583
-153.891 24.8679 -162.782 59.6328
-24.6758 63.2557 11.6952 59.8567
-106.564 63.8142 -89.3692 57.5611
-6.49671 -69.3665 25.0787 -65.8
54.394 60.6832 88.8638 61.1626
-146.488 -57.6075 -144.642 -71.1192
-7.93019 -130.96 2.65219 -135.61
36.1038 -53.1691 62.7375 -50.4766
-55.6787 128.355 -28.9652 153.145
98.0143 14.2196 111.233 9.14984
-92.3571 -119.911 -69.8224 -141.849
-133.916 53.8777 -126.183 77.1048
-113.488 82.3244 -101.931 101.546
-93.1334 -65.7729 -82.5694 -42.5637
-5.34614 83.7327 26.8539 91.4866
-29.1136 101.005 -9.44592 104.635
-84.8387 91.16 -52.0483 109.371
9.24904 -120.719 27.4328 -124.153
-46.3055 104.491 -14.9944 117.581
-54.8579 -84.2995 -25.0994 -81.2538
-28.7767 -54.1387 5.06848 -38.7995
-150 0 -177.777 26.0072
69.6101 66.6946 107.347 68.8036
17.162 -97.7521 53.9043 -102.477
5.92687 84.0795 37.5471 89.504
-77.2389 107.279 -53.6651 125.035
0.675287 -58.4516 37.2865 -55.0281
13.5872 58.4026 50.3163 55.4157
-37.2623 130.651 -4.49239 151.672
-15.1057 44.3522 5.32056 40.9538
-91.117 -94.6691 -53.3159 -104.862
-103.489 107.779 -84.6173 140.927
-6.05493 -87.3048 15.5774 -87.2741
15.5125 44.1269 40.0396 37.916
-147.769 -22.4031 -146.488 -57.6075
-56.583 59.2576 -32.6287 56.3214
-49.8961 113.156 -23.5514 132.518
32.5259 -49.463 69.1362 -44.5202
-147.857 47.5552 -152.671 85.5328
-163.015 -37.2519 -173.789 -73.4183
-169.107 16.9541 -183.42 29.5229
54.394 60.6832 85.9351 59.2279
27.0743 72.3017 64.7851 73.0994
-74.2396 -60.5109 -40.7609 -39.4313
-166.664 27.1775 -185.391 52.4649
-157.795 -18.8755 -165.423 -51.7915
-124.962 -81.5492 -95.0003 -101.663
-35.356 -79.8637 -7.61799 -79.8098
2.10417 133.328 19.2696 141.153
15.1484 -91.9946 35.1412 -92.5332
-157.282 51.8663 -164.831 90.9998
-16.3061 -113.736 19.761 -123.846
-90.3875 28.0635 -79.8106 2.71788
-65.1184 -83.8025 -25.4304 -80.7633
-36.5546 -112.214 -16.5146 -117.339
-62.1892 84.603 -28.2902 95.1496
23.3129 111.171 40.7768 116.92
26.6125 61.5378 65.9377 58.9109
4.50894 -88.6577 17.3585 -89.1235
-1.59305 -93.7782 19.3482 -95.4182
59.9349 -56.7339 94.267 -49.9683
-79.8802 -135.542 -71.8691 -144.803
-139.176 57.7107 -132.717 86.885
-107.467 -91.2393 -85.4661 -99.0281
-93.9282 96.8506 -71.9454 116.922
64.5057 -60.4215 81.1627 -58.2555
-78.8536 -51.0374 -65.1815 -34.476
62.8209 17.366 93.6559 -7.20827
-69.5947 62.9744 -61.5786 63.3283
55.1815 12.7527 69.6865 -6.06021
62.8209 17.366 75 0
-93.1334 -65.7729 -88.063 -46.4263
26.6125 61.5378 54.394 60.6832
-20.2 114.114 9.52108 123.706
-77.1616 -78.7215 -42.2442 -68.9247
-37.8767 -92.5355 -14.4884 -95.2591
-42.1956 -124.83 -21.1187 -136.802
15.1484 -91.9946 21.4106 -92.8611
53.3527 3.72705 48.4434 -11.5567
-147.003 38.7535 -143.799 65.1253
-54.2019 101.343 -21.9846 112.58
-38.1448 70.0894 -21.5905 71.9488
-78.5048 -102.035 -51.2099 -112.745
-38.7895 74.6596 -13.6376 79.9284
-26.1936 -72.3971 11.3105 -69.8497
-45.8029 -122.662 -16.5324 -137.339
-72.3404 122.918 -52.001 146.567
15.9635 104.395 45.6111 109.359
35.4115 99.7281 63.0953 104.804
-29.2903 84.3435 6.61799 92.7212
-106.564 63.8142 -86.7333 52.6657
-124.962 -81.5492 -115.006 -97.4921
-91.117 -94.6691 -74.0139 -98.4723
-150 0 -149.443 3.18381
-150 0 -157.121 -12.6889
-66.3561 30.6171 -49.7486 17.4435
-49.6417 84.7713 -15.0399 94.653
47.8541 53.7976 77.0922 51.4528
46.6707 -92.8182 63.0276 -95.1545
-76.7792 -125.72 -68.3367 -138.575
-168.712 18.4664 -186.291 38.3422
-124.962 -81.5492 -115.244 -101.824
43.3728 -81.0338 69.8891 -78.9545
-124.925 71.743 -114.749 89.2126
-142.511 37.9906 -127.458 73.9182
-171.757 -4.41334 -190.691 -8.93367
-20.2 114.114 17.4977 126.373
-111.164 -100.575 -92.3571 -119.911
74.0274 21.4646 105.336 9.02655
-124.962 -81.5492 -86.3715 -82.8359
-74.2396 -60.5109 -41.0367 -39.4169
-82.3458 105.6 -58.8039 127.76
-36.1539 -58.8206 -16.7876 -53.4217
-106.564 63.8142 -80.1814 43.8294
-31.6847 66.9642 5.28406 74.6384
-26.1936 -72.3971 -6.04068 -70.289
-32.8375 88.4868 -14.939 93.8619
-150 0 -156.885 1.10373
62.8209 17.366 73.836 5.85423
62.8209 17.366 75 0
-106.564 63.8142 -72.7219 49.1261
-74.6011 70.5929 -47.3571 75.7649
-71.1495 -95.8086 -37.0989 -100.571
-153.891 24.8679 -158.148 49.2973
-150 0 -149.402 1.88117
-106.564 63.8142 -79.0613 45.9848
-144.984 -81.2924 -142.335 -116.128
-123.618 93.7922 -112.565 125.84
-62.1584 15.7343 -42.1564 -3.63297
-62.0572 -112.519 -43.4416 -122.254
-106.564 63.8142 -75.2441 66.4523
-24.6928 97.0014 -10.7395 100.759
77.8485 25.4476 110.359 17.3791
-158.781 25.8708 -166.104 47.1697
-107.483 66.7525 -87.347 77.4586
-83.1208 117.078 -64.7786 138.392
-86.3715 -82.8359 -66.5373 -80.2665
-133.284 85.1756 -131.973 99.3773
-20.045 -89.5986 15.1484 -91.9946
6.3895 -105.383 21.3837 -107.319
-112.565 125.84 -102.638 144.789
-123.618 93.7922 -119.775 108.571
26.6319 -47.1669 35.5091 -43.2936
-63.1802 -77.4649 -37.7894 -71.1333
-84.8387 91.16 -57.5497 103.166
15.9635 104.395 45.9133 109.257
40.0396 37.916 66.1973 18.1617
-83.7459 -36.1517 -77.6963 -23.1665
-161.974 -32.091 -167.083 -46.7349
-90.3875 28.0635 -79.9102 2.7096
-88.3013 -85.5219 -66.6393 -86.0977
-96.5459 -117.66 -79.8802 -135.542
49.7765 -49.4789 76.7559 -44.6122
49.7765 -49.4789 68.7875 -45.0961
-93.9282 96.8506 -82.3458 105.6
-32.3578 106.921 -13.0904 113.582
-151.157 -39.0408 -152.15 -65.7125
-50.9498 -3.79015 -47.2227 -7.46553
-150 0 -162.655 -31.908
-16.8133 77.6985 11.9791 79.5024
-137.484 58.2349 -122.688 93.9564
-134.142 95.4529 -131.436 106.844
-38.7895 74.6596 -26.6075 77.413
17.162 -97.7521 44.9119 -103.246
-39.2747 -94.1827 -3.63753 -102.928
-26.1936 -72.3971 -9.67686 -68.4416
-124.962 -81.5492 -86.6202 -86.9722
80.0938 13.6234 102.271 1.00005
-79.0856 112.416 -55.5185 138.819
15.1484 -91.9946 46.6707 -92.8182
-62.2135 -2.7691 -55.3178 -10.563
2.41815 -110.893 38.2195 -118.115
-93.9282 96.8506 -70.8964 113.195
-82.7592 47.918 -50.0731 25.5672
-38.7895 74.6596 -13.9461 80.134
21.7395 68.6825 50.0811 67.8346
-27.9885 -82.767 -6.27638 -83.1032
-28.1278 -81.9748 -6.06403 -79.7556
-9.38564 130.938 22.5596 146.247
21.1645 -88.1019 47.4552 -89.842
75.1713 31.9145 93.0394 27.6731
-57.0861 -76.233 -19.6718 -63.8503
-12.0802 54.2068 13.1745 51.4475
32.5259 -49.463 68.371 -43.8365
-148.801 44.2093 -149.843 73.9596
47.8541 53.7976 76.1874 52.2625
-147.533 72.5735 -140.746 109.028
-75.2441 66.4523 -62.942 66.5719
-92.3571 -119.911 -71.8465 -138.538
-49.6417 84.7713 -34.2219 88.5541
-90.3875 28.0635 -87.9478 -5.55775
86.2721 42.172 110.569 37.3022
-102.308 115.74 -94.34 151.478
-167.746 30.2036 -177.081 45.9951
-55.6787 128.355 -35.7852 142.074
-150 0 -161.687 20.2647
-135.569 -53.4079 -126.599 -84.0473
-131.719 -34.3351 -130.211 -39.7001
-13.6951 114.103 12.5085 124.078
-62.2856 -113.737 -32.801 -128.948
87.1929 -31.3359 110.799 -23.726
4.89572 68.7884 21.7395 68.6825
-28.7767 -54.1387 2.95842 -44.4207
30.0553 -104.576 54.1239 -105.989
-81.9842 -110.278 -56.9471 -122.135
-81.242 66.1978 -48.2622 65.1324
-173.146 -6.05521 -189.98 -12.6546
-20.7411 98.9443 17.6851 109.38
-107.483 66.7525 -91.7169 76.3365
-64.0226 15.8136 -63.043 14.9829
-149.258 -7.53434 -148.295 -46.6811
-150 0 -165.27 -35.8021
-29.4256 103.734 -1.83823 113.72
-75.2441 66.4523 -51.6847 66.9539
55.0554 -68.5777 78.0926 -64.5675
-4.29208 62.103 18.9513 61.3631
27.7145 73.7757 56.4798 80.0492
-16.3061 -113.736 0.771555 -117.569
41.6565 -72.3829 50.3423 -70.0515
-29.1136 101.005 -10.1221 106.316
-106.564 63.8142 -77.1019 61.4815
-150 0 -137.645 6.56469
14.8759 -82.4699 43.3728 -81.0338
54.0066 -50.6829 63.7307 -50.6486
-133.916 53.8777 -108.192 83.7478
-29.6707 123.031 -4.31678 136.204
-147.003 38.7535 -143.614 57.9601
21.1645 -88.1019 51.7812 -89.9996
-56.583 59.2576 -32.209 58.2135
-28.3307 -61.2281 8.41687 -54.8004
40.0396 37.916 66.8717 37.9806
44.5216 69.0074 73.9574 71.0128
-93.1334 -65.7729 -81.9002 -27.3995
8.30839 -130.006 34.9366 -141.027
-71.6566 97.3839 -37.1815 113.854
-49.6417 84.7713 -19.4416 95.7802
-65.2397 -65.9343 -28.7767 -54.1387
6.15549 62.4202 34.6003 63.5483
-73.4099 45.7475 -69.7847 43.9054
-79.9102 2.7096 -77.9892 -11.3012
-106.099 106.838 -96.3442 125.145
77.8485 25.4476 89.279 22.9947
26.6319 -47.1669 49.8472 -39.4643
52.7465 -33.151 82.3646 -16.4238
62.8209 17.366 75 0
-73.4515 0.271215 -67.495 -9.31618
38.6236 -59.9541 61.4154 -55.7792
-68.8094 69.6746 -44.7207 74.8171
-150 0 -169.957 -1.30811
23.3129 111.171 57.6265 127.694
-90.3875 28.0635 -81.4009 -8.41207
-64.5928 25.7031 -61.1756 19.5599
44.7479 -55.641 62.2187 -52.4012
-123.618 93.7922 -116.313 124.033
-81.9842 -110.278 -78.5638 -113.058
21.1645 -88.1019 53.0163 -89.8719
-124.962 -81.5492 -84.9674 -81.3495
22.6727 51.1428 43.2819 48.8553
12.9451 -77.5774 42.9616 -70.7746
77.8485 25.4476 109.367 12.056
-78.8536 -51.0374 -52.4367 -22.4786
43.3827 -81.0849 62.0892 -81.3605
-150.447 -60.138 -148.903 -89.2819
-26.1936 -72.3971 2.53846 -68.7015
-32.3578 106.921 -13.6951 114.103
-65.1235 56.04 -50.9102 50.52
-126.529 74.9672 -112.842 105.307
-29.6038 87.112 1.6014 95.8003
-5.98947 -97.9421 4.97786 -99.8489
2.42414 -75.9956 18.2493 -72.8138
-20.7411 98.9443 -19.2115 99.4284
-58.0772 104.861 -36.0634 116.916
15.8973 -106.992 35.5378 -110.394
-77.1019 61.4815 -58.4173 59.1015
-97.2759 113.617 -89.6874 126.154
6.72971 -56.4645 22.2646 -53.638
-38.7895 74.6596 -6.73279 79.6484
-78.7216 -113.559 -73.9089 -117.053
-36.1539 -58.8206 -0.382614 -53.6241
-29.4256 103.734 -9.14088 112.671
-54.8579 -84.2995 -16.0657 -83.5226
77.8485 25.4476 110.656 12.8677
52.7465 -33.151 82.0679 -21.7669
-124.962 -81.5492 -94.6229 -101.428
5.92687 84.0795 29.9046 87.9885
-50.4223 63.7938 -13.5873 65.5096
-119.68 74.1838 -85.1186 88.1682
-14.1195 -118.067 15.1345 -126.33
-0.129091 71.3105 27.0743 72.3017
-124.925 71.743 -92.6634 76.2791
-7.93019 -130.96 13.2726 -138.277
-106.79 103.542 -94.1178 126.863
-23.2389 -97.3641 16.2772 -102.759
-167.083 -46.7349 -176.744 -69.5409
-79.1604 72.8614 -56.5607 79.2268
-65.1184 -83.8025 -27.9885 -82.767
-49.8961 113.156 -21.1052 131.638
-8.20816 98.2287 27.0567 110.46
-46.3055 104.491 -25.5597 112.619
-109.509 84.4837 -92.5509 96.2787
-78.8536 -51.0374 -52.7748 -22.9623
-146.488 -57.6075 -144.984 -81.2924
97.6139 -4.94207 109.679 -14.8479
-36.5546 -112.214 -1.90401 -120.03
-124.962 -81.5492 -94.4798 -104.206
-36.5546 -112.214 -10.6511 -118.598
-1.92495 78.7265 20.9477 80.7188
-151.505 -37.2477 -152.491 -65.6215
43.2261 -58.3366 64.9006 -52.6323
54.394 60.6832 84.4212 59.8407
-86.2308 32.8525 -70.5701 7.3505
5.92687 84.0795 38.9506 89.6787
-1.83823 113.72 9.92844 118.701
-61.5993 -57.5275 -48.5009 -50.829
-106.564 63.8142 -81.242 66.1978
3.53416 -85.6504 11.9858 -86.3296
-89.3692 57.5611 -59.4805 45.8153
-36.0068 134.426 -18.3189 151.817
-135.42 -59.0098 -129.087 -91.9889
-61.087 -57.5748 -35.8676 -47.4258
-161.163 20.6409 -172.138 40.7562
-78.8536 -51.0374 -52.4361 -22.7324
-133.916 53.8777 -109.509 84.4837
-91.117 -94.6691 -59.5804 -104.442
-56.1734 -102.661 -23.4927 -105.331
-146.594 -83.5951 -144.968 -114.356
-90.7673 -71.5048 -62.4151 -61.0767
-79.8106 2.71788 -72.4554 -14.4729
35.4115 99.7281 49.5428 103.079
-69.7482 110.728 -57.0792 115.874
-154.548 -40.6674 -159.037 -65.051
-95.0003 -101.663 -75.3165 -114.225
-123.618 93.7922 -117.261 114.39
-74.6648 71.1177 -67.2883 74.1079
-5.98947 -97.9421 30.0553 -104.576
-38.7895 74.6596 -0.127272 80.3024
-62.2856 -113.737 -45.9612 -122.379
43.3728 -81.0338 71.6784 -78.2879
-93.9282 96.8506 -76.0614 119.872
-150 0 -161.813 11.1038
-69.7482 110.728 -36.6917 132.07
-49.8961 113.156 -21.845 130.981
-150 0 -161.183 15.5712
-108.398 -115.928 -93.9526 -136.602
-93.1334 -65.7729 -87.9061 -46.4619
-86.2308 32.8525 -81.7434 26.3527
-52.9233 -121.159 -23.0184 -140.349
-90.3875 28.0635 -80.1827 8.53495
-24.6031 -128.971 11.4599 -145.99
-95.8509 -123.116 -86.4766 -139.026
-32.6287 56.3214 -12.0802 54.2068
-150 0 -169.044 3.36865
-68.8094 69.6746 -46.279 73.8032
40.0396 37.916 77.8485 25.4476
-144.888 -28.8008 -135.42 -59.0098
-17.6997 48.4511 5.22743 44.5138
54.3451 65.5168 83.6923 66.5788
12.7693 -85.8867 48.1973 -83.518
35.3983 -63.3811 64.5057 -60.4215
-62.1892 84.603 -41.3551 89.8948
8.87002 88.3305 40.2536 95.3516
-36.5546 -112.214 -14.1195 -118.067
-99.3762 102.006 -73.5287 130.122
-106.564 63.8142 -74.6011 70.5929
-83.7459 -36.1517 -72.9744 -16.0567
2.42414 -75.9956 26.4126 -70.4342
74.9198 35.0475 97.1333 32.3821
13.3037 56.3769 33.0405 53.7586
-113.488 82.3244 -103.497 99.5361
-153.891 24.8679 -157.634 51.0779
-51.753 45.202 -33.3399 40.9656
-49.6417 84.7713 -29.9556 93.1085
-12.0802 54.2068 15.5955 52.0909
-75.2441 66.4523 -49.7688 67.7871
2.42414 -75.9956 41.6565 -72.3829
43.3728 -81.0338 74.7852 -77.986
-150 0 -166.262 -3.04034
38.2195 -118.115 57.8112 -122.136
-53.1545 -49.4747 -34.9984 -38.854
-36.5546 -112.214 -8.03975 -119.232
-93.1334 -65.7729 -64.2222 -40.4902
-107.483 66.7525 -79.1604 72.8614
75.1713 31.9145 104.763 28.0162
-150 0 -150.672 -2.61483
-107.483 66.7525 -80.3988 76.3319
-62.2135 -2.7691 -61.2088 -5.13166
-95.1567 -106.815 -76.9451 -121.848
35.5091 -43.2936 52.8631 -12.7243
-20.767 -100.896 -4.95936 -103.757
-74.6011 70.5929 -55.9102 73.7915
55.1815 12.7527 69.0793 -1.62954
62.8209 17.366 75 0
-87.5508 -100.497 -62.2856 -113.737
-65.1184 -83.8025 -28.1278 -81.9748
-93.9282 96.8506 -74.1723 110.485
-81.242 66.1978 -54.0643 65.068
-24.6758 63.2557 6.15549 62.4202
-114.749 89.2126 -97.5402 116.522
-79.6214 -104.379 -60.4636 -113.354
-53.3159 -104.862 -16.3061 -113.736
-102.55 103.621 -99.8171 108.909
62.8209 17.366 88.5273 -12.7702
62.8209 17.366 75 0
-86.6202 -86.9722 -72.2108 -88.1458
-16.5146 -117.339 17.4086 -126.92
-90.2132 48.3227 -72.5309 25.3505
-7.93019 -130.96 23.7243 -146.593
-58.0772 104.861 -46.3707 110.653
21.3407 -62.1878 43.2261 -58.3366
-4.29208 62.103 26.0669 58.9986
22.6727 51.1428 42.3977 49.3693
15.8235 57.2945 47.8541 53.7976
-29.1136 101.005 -3.2211 108.712
40.0396 37.916 63.0851 24.145
-137.484 58.2349 -107.483 66.7525
-88.6782 90.9663 -60.1191 106.07
-106.564 63.8142 -95.7812 61.9158
-81.9842 -110.278 -60.287 -122.233
93.6559 -7.20827 101.06 -14.8407
-19.48 123.163 15.6176 137.823
52.7465 -33.151 84.7979 -18.9716
-86.2308 32.8525 -74.5922 20.2387
35.5091 -43.2936 63.7323 -25.1534
-174.827 -21.1133 -184.243 -29.478
-51.9434 119.582 -42.0932 125.022
-72.7557 -48.5075 -55.1521 -32.3329
-6.05493 -87.3048 20.438 -87.0405
-86.2308 32.8525 -64.6338 15.8882
-95.1567 -106.815 -80.4518 -120.371
-106.099 106.838 -102.308 115.74
-72.2108 -88.1458 -46.6228 -93.2777
-61.5786 63.3283 -27.5994 64.4151
-150 0 -158.781 25.8708
-126.529 74.9672 -116.325 98.7874
42.6516 47.8206 70.0073 43.8464
-117.261 114.39 -112.293 133.069
-107.467 -91.2393 -87.5508 -100.497
-126.529 74.9672 -116.319 101.468
-66.7696 77.9901 -34.7567 87.0037
2.42414 -75.9956 31.3079 -69.5264
30.0553 -104.576 54.6313 -106.685
-54.8579 -84.2995 -24.8761 -81.4409
-47.5595 53.8442 -17.6997 48.4511
11.9791 79.5024 46.3377 81.0681
-35.356 -79.8637 -12.0866 -78.8941
14.1137 72.6234 38.1419 74.9421
-69.7482 110.728 -55.9162 119.338
-1.83823 113.72 28.9676 125.894
3.53416 -85.6504 41.1642 -82.4919
-36.4906 -92.2143 -3.26915 -96.265
-7.40403 -91.2322 19.8884 -92.9175
-72.7557 -48.5075 -57.6076 -35.4486
40.0396 37.916 74.9198 35.0475
46.9639 -103.48 61.1867 -106.576
-82.4595 84.289 -52.3738 91.874
-141.754 -72.6292 -135.034 -104.719
7.5289 -82.797 13.7411 -82.5406
-16.3061 -113.736 9.24904 -120.719
38.9506 89.6787 75.9225 91.8515
-51.9434 119.582 -29.2458 133.299
-26.1936 -72.3971 12.7815 -63.527
-106.564 63.8142 -68.8094 69.6746
-153.891 24.8679 -157.932 51.7683
67.987 24.9798 79.9874 22.8816
30.0553 -104.576 55.8711 -107.619
-78.7216 -113.559 -63.2696 -124.402
35.3983 -63.3811 65.2401 -56.663
-150 0 -154.099 32.1213
-85.1186 88.1682 -78.0822 91.6794
23.3129 111.171 51.8822 121.365
4.89572 68.7884 30.3704 70.8359
4.76412 -55.5156 34.1881 -47.9949
-29.6038 87.112 8.20673 97.0349
6.15549 62.4202 26.6125 61.5378
-62.1892 84.603 -25.3076 96.5935
-18.937 79.8396 5.92687 84.0795
-20.7302 123.194 -3.82322 133.127
-95.1567 -106.815 -82.754 -119.89
-69.7281 -102.25 -36.5071 -117.887
-16.3061 -113.736 19.5423 -124.473
1.6014 95.8003 20.9688 100.731
66.7535 -34.6305 87.1114 -31.2922
10.2577 -106.934 22.416 -111.189
-61.5786 63.3283 -24.6758 63.2557
-89.3692 57.5611 -58.8172 45.641
-157.282 51.8663 -155.478 89.8738
-95.1197 82.4731 -87.8629 86.7738
-117.261 114.39 -108.876 140.361
66.7535 -34.6305 103.591 -25.8141
6.61799 92.7212 35.4115 99.7281
23.3129 111.171 48.4495 118.424
-135.569 -53.4079 -136.785 -73.3709
-20.045 -89.5986 -7.40403 -91.2322
17.162 -97.7521 50.8594 -102.332
-119.68 74.1838 -84.8387 91.16
-84.8387 91.16 -64.0947 101.29
-150 0 -176.819 -16.1489
-65.1235 56.04 -32.8885 46.5245
-150 0 -171.755 0.943555
-167.22 9.89703 -189.543 25.3291
-20.7411 98.9443 0.589028 105.045
-1.59305 -93.7782 38.1505 -96.4158
-54.8579 -84.2995 -19.3035 -83.847
-82.4595 84.289 -75.1689 86.5573
-153.891 24.8679 -157.282 51.8663
-106.564 63.8142 -90.2132 48.3227
-150 0 -167.737 -21.2741
-150 0 -138.951 -4.45225
66.1973 18.1617 83.438 3.18156
62.8209 17.366 75 0
-123.521 73.9737 -102.55 103.621
-90.7673 -71.5048 -57.9133 -64.5343
-55.6787 128.355 -40.6495 140.221
38.1419 74.9421 77.7391 79.1938
-78.5048 -102.035 -49.7011 -113.456
7.5289 -82.797 14.8759 -82.4699
-106.79 103.542 -88.1375 135.815
-41.9368 -95.0242 -20.767 -100.896
-0.91695 -77.7639 30.4103 -75.9091
-74.6011 70.5929 -38.8576 78.0585
-93.9282 96.8506 -76.9626 118.03
-65.1235 56.04 -37.9776 50.0901
-150.447 -60.138 -149.324 -91.141
15.9635 104.395 33.3276 106.375
92.6755 78.0579 98.4554 78.7126
-106.564 63.8142 -79.7437 67.6893
-50.4223 63.7938 -20.8435 60.4062
12.9451 -77.5774 43.0518 -76.1046
-159.503 34.927 -170.497 67.6388
37.0738 -86.6878 64.8482 -85.7136
-124.925 71.743 -108.574 108.236
-172.138 40.7562 -182.698 61.4724
-50.9102 50.52 -14.8361 40.2526
-30.7102 -106.254 -18.4336 -107.755
-90.7673 -71.5048 -84.4733 -71.4178
-150 0 -129.816 3.78393
11.2282 -117.183 26.356 -120.034
-133.916 53.8777 -123.521 73.9737
-78.8536 -51.0374 -54.8652 -24.5453
-90.7673 -71.5048 -62.0488 -57.4969
-81.242 66.1978 -50.3121 65.8336
-150 0 -132.809 -9.28433
-147.533 72.5735 -147.182 112.366
-150 0 -167.22 9.89703
-135.42 -59.0098 -132.705 -88.1786
55.7282 7.06945 64.6988 -10.2968
62.8209 17.366 75 0
67.3251 -72.4848 93.6747 -71.4142
-24.6031 -128.971 3.40944 -142.533
42.6516 47.8206 73.7409 41.07
-75.2441 66.4523 -46.4716 68.1967
-124.962 -81.5492 -87.4156 -84.3754
-150 0 -169.107 16.9541
-107.483 66.7525 -90.5394 73.7609
-29.1136 101.005 -22.0792 102.998
-166.356 39.9547 -181.618 66.3576
-86.2308 32.8525 -77.4557 23.1216
-84.8387 91.16 -58.0772 104.861
-19.48 123.163 2.10417 133.328
-95.1567 -106.815 -82.4014 -119.816
-12.0802 54.2068 13.8999 47.959
-151.155 -14.1689 -154.548 -40.6674
-161.687 20.2647 -176.144 45.9404
-150 0 -136.741 -10.7046
59.9349 -56.7339 85.6949 -51.7698
73.7409 41.07 86.6134 39.2394
39.3459 90.3657 60.2118 94.0588
-103.489 107.779 -81.8457 138.921
83.438 3.18156 96.5928 -13.6825
-80.1814 43.8294 -66.3561 30.6171
-159.503 34.927 -166.149 68.0409
-93.1334 -65.7729 -72.7557 -48.5075
-20.7302 123.194 2.05589 133.851
2.42414 -75.9956 34.5157 -74.5917
-124.962 -81.5492 -114.6 -105.895
4.89572 68.7884 33.7651 69.7183
-114.293 -106.937 -107.075 -121.509
-150 0 -172.994 -14.7881
-149.258 -7.53434 -149.138 -40.1809
-150 0 -147.118 8.6402
-78.8536 -51.0374 -55.5452 -25.866
-65.1184 -83.8025 -54.8579 -84.2995
-86.7333 52.6657 -57.2004 34.4555
-59.5804 -104.442 -35.9047 -112.438
-90.3875 28.0635 -89.6283 -5.23658
2.42414 -75.9956 24.8522 -70.9196
-150.447 -60.138 -149.055 -90.8636
66.1973 18.1617 97.6139 -4.94207
-56.9471 -122.135 -22.9375 -142.25
12.1248 80.8018 26.4217 81.4712
-150 0 -173.835 -1.70547
-89.3692 57.5611 -51.753 45.202
15.9635 104.395 44.244 112.985
-23.2389 -97.3641 9.59821 -101.764
29.9046 87.9885 63.3746 93.11
-124.962 -81.5492 -90.7673 -71.5048
-78.8536 -51.0374 -55.8406 -25.5848
-124.962 -81.5492 -103.147 -96.6297
12.1248 80.8018 26.0178 81.529
-172.994 -14.7881 -186.812 -25.212
-124.962 -81.5492 -93.1334 -65.7729
-111.164 -100.575 -95.1198 -112.515
-85.1186 88.1682 -54.2019 101.343
-150 0 -148.67 31.686
-28.3307 -61.2281 -19.2464 -60.2196
-111.164 -100.575 -92.9398 -135.658
30.4103 -75.9091 67.3251 -72.4848
83.438 3.18156 97.0854 -13.9568
-32.3813 -86.3236 4.50894 -88.6577
-89.476 85.2739 -54.7059 96.3632
20.8842 -126.796 30.4301 -129.513
-148.67 31.686 -146.788 68.7823
26.6319 -47.1669 54.8824 -38.3263
-130.652 90.9056 -122.581 122.512
-62.1892 84.603 -24.6928 97.0014
-63.1802 -77.4649 -36.8144 -67.0594
-99.3762 102.006 -80.8868 126.538
-24.6758 63.2557 -4.29208 62.103
55.1815 12.7527 67.0128 -3.60501
62.8209 17.366 75 0
-172.994 -14.7881 -193.375 -27.3704
-36.0634 116.916 -9.38564 130.938
-5.34614 83.7327 26.6062 93.4081
-107.467 -91.2393 -78.5048 -102.035
-66.5373 -80.2665 -35.356 -79.8637
-146.488 -57.6075 -143.735 -77.4171
-148.67 31.686 -147.857 47.5552
-150 0 -148.204 -17.5865
-148.67 31.686 -147.755 60.1891
64.5057 -60.4215 77.1572 -60.137
17.3585 -89.1235 56.3491 -91.189
-93.9282 96.8506 -72.3404 122.918
-32.8885 46.5245 4.4921 38.3373
-151.157 -39.0408 -149.916 -77.9916
55.2878 -95.7253 72.9952 -97.9058
74.0274 21.4646 76.0525 20.2123
-28.3179 67.1534 4.89572 68.7884
6.72971 -56.4645 36.1038 -53.1691
-86.3715 -82.8359 -52.6328 -79.2978
-32.3813 -86.3236 -0.549244 -88.4618
-62.2856 -113.737 -42.1956 -124.83
-37.4851 -101.669 -22.0988 -103.478
-37.8767 -92.5355 -0.984652 -97.094
-87.5508 -100.497 -62.0572 -112.519
-106.79 103.542 -103.592 108.601
-113.488 82.3244 -99.3495 88.2121
-150 0 -157.336 25.8329
-150 0 -163.015 -37.2519
-150 0 -167.002 -31.1866
-90.7673 -71.5048 -65.2397 -65.9343
-87.9311 70.9603 -66.7696 77.9901
-36.0068 134.426 -13.4877 150.513
-85.3957 49.5337 -56.3349 28.4039
-168.712 18.4664 -182.006 32.239
-60.1191 106.07 -29.6707 123.031
-60.1191 106.07 -27.5928 125.071
60.2118 94.0588 81.8326 98.7704
-157.121 -12.6889 -172.881 -41.0183
-106.564 63.8142 -86.2308 32.8525
-59.969 -112.711 -34.679 -121.638
37.0738 -86.6878 66.2267 -86.6614
-141.334 18.0252 -133.916 53.8777
-150 0 -147.003 38.7535
-65.2397 -65.9343 -36.1539 -58.8206
-150 0 -132.469 19.4443
-86.7333 52.6657 -70.8392 45.3912
62.8209 17.366 78.6872 0.386582
62.8209 17.366 75 0
-25.4799 -78.5503 -0.91695 -77.7639
59.0719 -41.6831 97.6007 -31.9204
-77.1616 -78.7215 -57.0861 -76.233
-135.917 88.8541 -136.434 108.703
-141.334 18.0252 -132.588 39.4439
-29.1136 101.005 0.472574 107.277
3.53416 -85.6504 12.7693 -85.8867
-69.9133 62.1944 -32.8204 59.0499
-150 0 -164.155 16.7326
-111.164 -100.575 -93.8288 -115.265
-82.4014 -119.816 -57.5365 -143.563
-32.8375 88.4868 -17.9765 91.7131
-103.489 107.779 -91.601 128.275
19.8884 -92.9175 41.1262 -96.2217
-78.8536 -51.0374 -57.0179 -28.1144
-119.68 74.1838 -89.476 85.2739
-17.5744 91.5414 10.0712 100.267
-9.67686 -68.4416 21.3407 -62.1878
-29.6707 123.031 -3.41573 137.912
-87.1062 -55.8674 -71.9182 -21.7177
-50.9102 50.52 -15.1741 41.9761
-99.3762 102.006 -83.1208 117.078
-36.5071 -117.887 -7.93019 -130.96
-87.9311 70.9603 -56.6874 78.2519
-106.564 63.8142 -69.9133 62.1944
-64.5928 25.7031 -48.4173 10.296
-108.192 83.7478 -93.9282 96.8506
13.5585 109.405 48.3773 120.159
-12.9588 59.94 15.8235 57.2945
-20.045 -89.5986 -2.34447 -89.9445
-72.5309 25.3505 -52.9077 -4.30078
67.3251 -72.4848 85.358 -71.767
65.2401 -56.663 103.883 -50.9081
-119.68 74.1838 -99.3762 102.006
21.1645 -88.1019 52.7474 -88.4441
-3.8934 47.3269 15.5125 44.1269
50.0811 67.8346 63.4044 67.6442
-50.4223 63.7938 -12.5274 61.7681
-1.59305 -93.7782 33.8823 -95.332
-61.087 -57.5748 -36.0017 -47.8705
-150 0 -168.712 18.4664
-150 0 -175.059 20.6688
-65.1235 56.04 -32.0211 48.4657
-150 0 -130.007 -1.71476
-77.2389 107.279 -69.7482 110.728
-81.9842 -110.278 -49.6351 -131.486
-49.6351 -131.486 -25.5006 -147.568
-63.011 -31.0421 -52.6676 -17.3791
-62.1892 84.603 -35.4534 94.3794
-150 0 -149.758 5.29955
-150 0 -157.795 -18.8755
-141.38 -25.9175 -135.569 -53.4079
-86.7333 52.6657 -69.1486 45.0624
-69.7482 110.728 -37.2623 130.651
-86.7333 52.6657 -67.2566 39.1756
-72.2108 -88.1458 -36.4906 -92.2143
6.61799 92.7212 30.9538 95.7516
-82.4014 -119.816 -60.7523 -141.769
59.0719 -41.6831 86.3628 -35.9723
-95.1567 -106.815 -69.3664 -128.219
-111.164 -100.575 -84.5273 -128.293
67.3251 -72.4848 104.983 -67.9144
-37.4851 -101.669 -6.52193 -107.299
26.6319 -47.1669 59.0719 -41.6831
-72.2108 -88.1458 -42.1854 -96.3522
-90.7673 -71.5048 -59.6912 -65.9972
-150 0 -159.016 27.3722
-12.0802 54.2068 22.6727 51.1428
35.5091 -43.2936 62.5053 -14.0558
62.8209 17.366 75 0
67.987 24.9798 90.359 17.5035
70.0073 43.8464 86.2721 42.172
-77.3408 90.4634 -51.7429 98.6378
-150 0 -129.956 18.91
54.394 60.6832 81.8356 59.8795
-6.49671 -69.3665 25.5317 -65.1485
-82.3458 105.6 -55.6787 128.355
-23.8571 -56.7844 -8.58067 -53.418
-45.9612 -122.379 -18.3696 -135.678
-83.7459 -36.1517 -88.5382 -15.3336
-123.521 73.9737 -106.099 106.838
-16.3061 -113.736 19.1767 -125.395
-42.1854 -96.3522 -27.1383 -100.178
-148.801 44.2093 -152.916 78.8569
68.371 -43.8365 74.444 -42.3158
35.3983 -63.3811 71.4377 -58.2893
-74.9298 122.933 -61.8651 139.802
-150 0 -138.343 19.5685
63.0851 24.145 80.0938 13.6234
62.8209 17.366 75 0
-126.529 74.9672 -119.312 94.1804
-163.402 -73.7803 -165.938 -83.8228
-150 0 -150.312 -1.37196
-57.6076 -35.4486 -38.6342 -21.0564
-119.68 74.1838 -88.6782 90.9663
-111.164 -100.575 -95.8509 -123.116
-157.795 -18.8755 -162.865 -58.3296
-5.34614 83.7327 17.6028 90.9955
-159.503 34.927 -171.308 71.7403
-150 0 -142.806 1.67113
14.1137 72.6234 41.2397 75.1777
-142.511 37.9906 -137.484 58.2349
12.9451 -77.5774 46.023 -77.2676
-90.7673 -71.5048 -62.1338 -66.8262
-124.962 -81.5492 -114.94 -109.751
63.0851 24.145 84.515 8.6175
62.8209 17.366 75 0
43.3728 -81.0338 67.2641 -79.7075
-88.8695 74.0683 -62.31 84.8639
-94.1663 89.7235 -66.4128 109.264
-53.463 105.813 -20.4488 120.4
-23.2389 -97.3641 6.3895 -105.383
-133.284 85.1756 -130.377 99.2918
-68.2914 -124.279 -43.348 -145.941
-46.279 73.8032 -14.1373 79.5119
-18.937 79.8396 -4.1614 82.6296
-135.42 -59.0098 -128.893 -90.8224
-20.7411 98.9443 13.5585 109.405
-5.34614 83.7327 8.87002 88.3305
-0.129091 71.3105 33.2275 78.5109
-76.9451 -121.848 -60.4581 -136.157
-45.0619 -93.1833 -23.2389 -97.3641
-42.9372 -142.149 -34.8329 -149.15
64.5057 -60.4215 80.0855 -57.0845
-150 0 -151.157 -39.0408
98.0143 14.2196 107.601 10.1315
-135.569 -53.4079 -127.047 -87.1662
-95.8509 -123.116 -79.5441 -145.435
36.768 74.1168 73.7357 77.4477
12.5085 124.078 24.2997 128.256
54.8824 -38.3263 91.9664 -32.6536
-36.0017 -47.8705 -15.0683 -40.5246
-143.735 -77.4171 -134.586 -113.504
-38.8576 78.0585 -5.34614 83.7327
-14.939 93.8619 15.9635 104.395
-141.754 -72.6292 -134.995 -96.8391
-141.754 -72.6292 -134.343 -104.902
5.92687 84.0795 40.2691 92.5455
-4.60552 -95.1833 17.162 -97.7521
-90.5394 73.7609 -62.4811 85.2175
27.0743 72.3017 42.1303 72.961
66.1973 18.1617 96.1695 -7.24199
-150 0 -177.415 -22.7571
-151.157 -39.0408 -150.447 -60.138
-62.1892 84.603 -27.8399 94.7502
-78.8536 -51.0374 -54.3077 -24.3526
-150 0 -153.891 24.8679
-77.5855 -94.2605 -44.1219 -104.607
-88.3013 -85.5219 -64.8544 -85.8509
-90.3875 28.0635 -80.5685 13.6708
62.8209 17.366 74.9402 1.51093
62.8209 17.366 75 0
-133.916 53.8777 -113.488 82.3244
59.9349 -56.7339 99.4182 -51.1234
-150 0 -166.711 -26.7383
26.8539 91.4866 50.9439 96.3827
-149.929 5.26419 -148.801 44.2093
46.3377 81.0681 78.6726 84.4045
-24.6031 -128.971 10.7161 -145.836
-150 0 -149.016 5.47101
-10.6511 -118.598 11.4538 -123.704
-150 0 -151.626 25.1894
-91.117 -94.6691 -59.6604 -103.131
-42.9372 -142.149 -26.7856 -151.061
40.0396 37.916 55.1815 12.7527
-54.2019 101.343 -46.3055 104.491
-90.7673 -71.5048 -61.087 -57.5748
-46.3707 110.653 -20.7302 123.194
-93.1334 -65.7729 -89.4476 -44.7833
-150 0 -173.146 -6.05521
-150 0 -151.155 -14.1689
-77.2389 107.279 -51.9434 119.582
-150 0 -133.849 19.4837
-79.7437 67.6893 -41.5586 73.0791
-85.4661 -99.0281 -57.7848 -108.951
-107.467 -91.2393 -79.6214 -104.379
-57.0179 -28.1144 -46.431 -18.6081
-7.93019 -130.96 25.1067 -145.379
-74.2396 -60.5109 -39.0671 -44.2187
-77.1019 61.4815 -56.583 59.2576
15.5955 52.0909 40.9332 52.5969
-60.2488 -113.081 -24.6031 -128.971
-72.2108 -88.1458 -37.8767 -92.5355
-114.749 89.2126 -97.2759 113.617
-28.7767 -54.1387 -15.7576 -49.3884
-80.1827 8.53495 -67.8766 -14.4429
11.2282 -117.183 43.6245 -123.383
-86.3715 -82.8359 -65.1748 -78.4771
-159.503 34.927 -170.472 67.5568
-14.2333 99.9084 23.3129 111.171
-150 0 -130.243 19.5818
40.0396 37.916 62.8209 17.366
60.4593 56.9248 67.2445 56.5955
-82.5694 -42.5637 -73.9762 -17.5118
-74.2396 -60.5109 -44.2435 -40.5296
-124.962 -81.5492 -108.151 -93.7164
40.0396 37.916 53.3527 3.72705
-119.68 74.1838 -95.1197 82.4731
-106.564 63.8142 -73.0141 49.9515
-65.1235 56.04 -31.7703 44.3706
-36.7253 -51.8449 -15.8728 -46.9724
21.3407 -62.1878 38.6236 -59.9541
-135.569 -53.4079 -124.962 -81.5492
-150 0 -161.146 30.7285
-44.1219 -104.607 -27.6757 -108.086
-86.7333 52.6657 -64.5709 39.2218
-34.7567 87.0037 -17.5744 91.5414
-150 0 -144.888 -28.8008
-10.9868 -49.953 18.989 -41.4567
-20.4488 120.4 -5.41364 126.391
-51.6847 66.9539 -28.3179 67.1534
-20.767 -100.896 10.2577 -106.934
75.1713 31.9145 94.3497 25.112
-123.618 93.7922 -116.148 122.347
-150 0 -166.664 27.1775
-107.483 66.7525 -89.9362 74.9278
22.416 -111.189 58.2175 -118.399
35.3983 -63.3811 68.311 -59.4211
-28.3179 67.1534 5.27788 69.8226
-163.015 -37.2519 -170.153 -63.556
55.1815 12.7527 64.4132 1.20892
76.1547 0.816685 75 0
-107.467 -91.2393 -76.8975 -104.619
-36.4906 -92.2143 -1.59305 -93.7782
-82.5694 -42.5637 -60.7857 -14.965
-69.3664 -128.219 -42.771 -150.271
40.0396 37.916 67.987 24.9798
-137.484 58.2349 -123.618 93.7922
44.1503 72.1848 68.0229 73.4777
-147.755 60.1891 -147.533 72.5735
-29.6038 87.112 -11.3794 92.9871
-32.3813 -86.3236 -6.05493 -87.3048
-108.151 -93.7164 -78.7216 -113.559
-37.8767 -92.5355 -5.98947 -97.9421
62.8209 17.366 76.1547 0.816685
76.1547 0.816685 75 0
-161.183 15.5712 -179.349 39.0127
-150 0 -167.746 30.2036
-27.8868 -128.977 -10.1553 -137.67
-123.521 73.9737 -106.79 103.542
75.1713 31.9145 108.738 22.4097
-10.3081 81.851 21.9444 87.4467
-106.564 63.8142 -73.4099 45.7475
-124.962 -81.5492 -114.892 -109.697
12.7815 -63.527 44.7479 -55.641
-32.8375 88.4868 -8.20816 98.2287
-73.4099 45.7475 -39.5481 29.3578
-1.83823 113.72 35.2453 128.707
-91.117 -94.6691 -69.7281 -102.25
77.0922 51.4528 109.805 48.4348
-36.4906 -92.2143 -4.60552 -95.1833
-69.5947 62.9744 -50.4223 63.7938
-74.0139 -98.4723 -37.4851 -101.669
-107.483 66.7525 -89.7925 72.9136
-72.2108 -88.1458 -45.0619 -93.1833
-90.3875 28.0635 -73.4515 0.271215
-157.282 51.8663 -159.589 76.3123
43.3827 -81.0849 80.0274 -79.93
33.2275 78.5109 56.2806 80.5608
-29.2458 133.299 -1.46371 149.302
-93.1334 -65.7729 -83.7459 -36.1517
35.5091 -43.2936 62.0743 -21.2587
-64.0226 15.8136 -58.152 9.28415
-60.4636 -113.354 -27.8868 -128.977
-95.7812 61.9158 -65.1235 56.04
-87.4156 -84.3754 -69.1399 -84.2587
-76.9451 -121.848 -48.1692 -143.006
-150 0 -166.094 -26.7594
-152.15 -65.7125 -152.424 -91.5211
-150 0 -134.569 17.2357
-36.1553 -113.671 -25.5197 -117.292
14.1137 72.6234 51.1553 78.584
-126.717 -85.8165 -115.849 -122.827
-150 0 -171.014 7.18515
-150 0 -155.014 -11.5537
53.3527 3.72705 57.9319 -6.27247
57.9319 -6.27247 75 0
22.2646 -53.638 54.0066 -50.6829
-72.7219 49.1261 -41.7004 35.7526
-13.6951 114.103 18.4943 126.646
-93.9282 96.8506 -79.0856 112.416
-36.1553 -113.671 -17.0474 -119.577
35.8945 -106.653 52.4696 -109.988
-32.0211 48.4657 5.41373 38.8302
-42.1956 -124.83 -24.8147 -134.967
-87.4156 -84.3754 -54.8238 -85.4424
-7.35518 -124.576 25.4912 -140.241
-106.79 103.542 -94.6326 124.997
-93.9282 96.8506 -74.9298 122.933
-150 0 -157.654 15.0126
-150 0 -162.104 15.1282
-84.8387 91.16 -71.6566 97.3839
-59.5804 -104.442 -36.5546 -112.214
15.5955 52.0909 49.8747 50.6373
-155.126 -62.4221 -157.891 -100.099
-34.8026 53.9809 -3.8934 47.3269
-107.483 66.7525 -88.8695 74.0683
22.6727 51.1428 56.6658 47.9141
-72.5309 25.3505 -64.0226 15.8136
-133.916 53.8777 -126.529 74.9672
20.9688 100.731 51.8599 111.106
16.6816 106.742 32.0553 111.919
-106.564 63.8142 -85.3957 49.5337
-154.548 -40.6674 -163.402 -73.7803
27.7145 73.7757 58.2169 77.752
-44.1219 -104.607 -30.7102 -106.254
-6.05493 -87.3048 16.408 -87.22
-49.9021 -76.6788 -26.1936 -72.3971
0.771555 -117.569 35.1651 -126.599
-54.4914 25.4398 -45.3903 16.0959
54.8824 -38.3263 66.7535 -34.6305
-139.176 57.7107 -135.917 88.8541
-119.68 74.1838 -94.1663 89.7235
-62.1338 -66.8262 -28.3307 -61.2281
20.9688 100.731 53.0186 109.877
-81.7434 26.3527 -62.2135 -2.7691
-0.129091 71.3105 27.7145 73.7757
-78.8536 -51.0374 -63.011 -31.0421
-150 0 -141.38 -25.9175
87.1929 -31.3359 104.686 -27.9572
-72.2108 -88.1458 -39.2747 -94.1827
-81.7434 26.3527 -60.9581 -4.9081
-94.4798 -104.206 -68.2914 -124.279
-6.49671 -69.3665 22.1803 -64.9336
46.6707 -92.8182 77.2967 -94.3501
-106.79 103.542 -96.0295 123.812
-76.0614 119.872 -66.5314 133.263
-90.2132 48.3227 -64.5928 25.7031
-62.2856 -113.737 -45.8029 -122.662
-86.3715 -82.8359 -65.1184 -83.8025
-26.1936 -72.3971 -3.14358 -72.6647
21.9204 -73.635 55.0554 -68.5777
59.9349 -56.7339 77.8986 -53.2101
-52.3738 91.874 -20.7411 98.9443
-164.831 90.9998 -165.217 94.6265
-29.1136 101.005 2.75754 109.243
-28.3307 -61.2281 6.72971 -56.4645
-133.284 85.1756 -129.246 107.709
-54.2019 101.343 -20.2 114.114
67.987 24.9798 98.0143 14.2196
-119.68 74.1838 -82.4595 84.289
17.162 -97.7521 46.9639 -103.48
-92.0526 -88.8237 -77.5855 -94.2605
-150 0 -133.835 17.9328
-150 0 -169.103 -26.9507
-90.7673 -71.5048 -58.2539 -59.5789
30.9538 95.7516 54.3029 99.4136
-124.962 -81.5492 -93.9773 -100.313
-47.3571 75.7649 -10.3081 81.851
7.5289 -82.797 43.3827 -81.0849
-84.9674 -81.3495 -82.594 -78.6824
-64.3276 76.8703 -33.2306 85.4358
-58.2539 -59.5789 -36.7253 -51.8449
75.9225 91.8515 83.3717 92.767
36.768 74.1168 75.9924 76.1576
-29.4256 103.734 -6.66642 114.011
-53.463 105.813 -24.9907 118.575
-163.015 -37.2519 -171.638 -76.3027
-88.8695 74.0683 -62.1892 84.603
54.8824 -38.3263 87.1929 -31.3359
22.1803 -64.9336 35.3983 -63.3811
-0.129091 71.3105 14.1137 72.6234
-57.1393 57.7898 -34.8026 53.9809
22.1803 -64.9336 59.9349 -56.7339
4.76412 -55.5156 32.5259 -49.463
-90.7673 -71.5048 -61.5993 -57.5275
11.2282 -117.183 17.1486 -118.398
-150 0 -151.505 -37.2477
-63.7584 105.177 -49.8961 113.156
-150 0 -159.503 34.927
-52.6328 -79.2978 -25.4799 -78.5503
-60.6278 80.8516 -32.8375 88.4868
-26.1936 -72.3971 2.18466 -65.3501
-150 0 -149.407 28.6219
-29.2903 84.3435 -5.85882 91.2467
-87.4156 -84.3754 -50.2908 -86.7447
-139.176 57.7107 -134.142 95.4529
-64.2222 -40.4902 -39.9201 -19.4481
-12.0802 54.2068 24.4078 50.1807
-84.9674 -81.3495 -77.1616 -78.7215
-124.962 -81.5492 -94.2958 -106.577
59.9349 -56.7339 98.2583 -51.9096
-26.1936 -72.3971 -6.49671 -69.3665
-111.164 -100.575 -99.5713 -116.307
77.8485 25.4476 99.9494 21.6487
-28.3307 -61.2281 0.675287 -58.4516
62.8209 17.366 88.2606 -12.9999
73.0659 37.4614 75 0
-58.2619 94.355 -29.1136 101.005
-150 0 -162.018 -22.6736
-79.6214 -104.379 -52.9233 -121.159
50.0811 67.8346 69.6101 66.6946
-125.95 -83.599 -120.089 -99.7016
4.89572 68.7884 44.5216 69.0074
-25.4799 -78.5503 12.9451 -77.5774
-12.9588 59.94 13.3037 56.3769
-25.4799 -78.5503 2.42414 -75.9956
-32.8204 59.0499 -29.065 58.3473
-35.8676 -47.4258 -15.0741 -38.8161
-80.3988 76.3319 -49.6417 84.7713
-91.117 -94.6691 -56.1734 -102.661
-55.9102 73.7915 -18.937 79.8396
-8.58067 -53.418 26.6319 -47.1669
35.4115 99.7281 46.9086 101.06
-12.9588 59.94 13.5872 58.4026
46.3377 81.0681 74.6614 84.4237
-150 0 -149.929 5.26419
-78.0822 91.6794 -47.4687 105.856
-92.4093 -65.9483 -74.2396 -60.5109
-150 0 -154.698 13.2776
-95.1567 -106.815 -76.7792 -125.72
-166.711 -26.7383 -185.23 -54.565
22.6727 51.1428 57.5584 47.5644
17.162 -97.7521 51.8681 -100.805
87.1929 -31.3359 102.685 -27.9193
30.508 -67.7963 42.161 -66.6898
49.8472 -39.4643 83.4491 -24.6561
-80.1827 8.53495 -69.4205 -10.8287
-71.9454 116.922 -55.133 133.111
-151.715 -33.9363 -155.126 -62.4221
-123.521 73.9737 -103.489 107.779
-93.1334 -65.7729 -87.1062 -55.8674
-150 0 -151.597 -36.5378
-106.79 103.542 -98.1285 120.217
-29.1136 101.005 3.31994 110.641
-74.2396 -60.5109 -53.1545 -49.4747
-24.6031 -128.971 9.14347 -142.92
-28.3307 -61.2281 4.76412 -55.5156
80.0938 13.6234 108.119 -3.04012
-6.04068 -70.289 30.508 -67.7963
-1.59305 -93.7782 36.5042 -97.9418
-38.7895 74.6596 -1.92495 78.7265
63.0173 -77.2793 92.9516 -76.5619
26.8539 91.4866 56.1032 97.9623
-65.1235 56.04 -47.5595 53.8442
42.6516 47.8206 74.3556 40.667
-72.5309 25.3505 -62.1584 15.7343
-10.6511 -118.598 27.4287 -129.056
-6.05493 -87.3048 21.1645 -88.1019
-53.1545 -49.4747 -35.0741 -38.8051
-42.2442 -68.9247 -8.43899 -63.3064
-72.5309 25.3505 -50.9498 -3.79015
-97.5402 116.522 -81.5951 143.077
-154.548 -40.6674 -164.294 -67.3999
-88.6782 90.9663 -63.7584 105.177
34.6003 63.5483 54.3451 65.5168
-79.0856 112.416 -56.0001 137.644
-114.6 -105.895 -101.227 -136.239
-68.8094 69.6746 -38.7895 74.6596
-38.7895 74.6596 -16.8133 77.6985
-124.962 -81.5492 -111.164 -100.575
-89.476 85.2739 -77.3408 90.4634
66.7535 -34.6305 103.439 -19.6713
-85.3957 49.5337 -54.4914 25.4398
-103.147 -96.6297 -81.9842 -110.278
-95.7812 61.9158 -57.1393 57.7898
-9.62232 87.9726 15.9161 91.5783
35.8945 -106.653 71.6764 -113.188
40.0396 37.916 73.0659 37.4614
-147.003 38.7535 -142.417 60.643
-65.1235 56.04 -46.2851 48.1891
12.9451 -77.5774 46.6124 -76.9889
