111.76 -76.2
137.16 -76.2
137.16 50.8
111.76 50.8
-38.1 -38.1
38.1 -38.1
38.1 38.1
-38.1 38.1
-129.54 -68.58
-104.14 -68.58
-104.14 58.42
-129.54 58.42
-180 -180 0.58346 4.96584
-180 -170 0.610516 4.96259
-180 -160 0.640182 4.95885
-180 -150 0.672851 4.95452
-180 -140 0.708997 4.94948
-180 -130 0.749201 4.94355
-180 -120 0.794175 4.93653
-180 -110 0.84481 4.92811
-180 -100 0.902226 4.91793
-180 -90 0.967854 4.90543
-180 -80 1.04355 4.88989
-180 -70 1.13174 4.87023
-180 -60 1.23569 4.8449
-180 -50 1.35985 4.81153
-180 -40 1.51038 4.76642
-180 -30 1.69605 4.70355
-180 -20 1.92943 4.61273
-180 -10 2.22875 4.47579
-180 0 2.61968 4.25879
-180 10 3.1339 3.89598
-180 20 4.04264 2.94228
-180 30 4.12017 2.8327
-180 40 4.30557 2.54206
-180 50 4.55866 2.05392
-180 60 4.94443 0.74338
-180 70 4.99543 -0.213662
-180 80 4.93783 -0.786048
-180 90 4.77967 -1.46791
-180 100 4.60998 -1.93601
-180 110 4.35341 -2.45924
-180 120 4.14355 -2.79839
-180 130 3.93139 -3.08937
-180 140 3.71421 -3.34733
-180 150 3.52056 -3.55044
-180 160 3.33711 -3.7234
-180 170 3.16495 -3.8708
-170 -180 0.361803 4.98689
-170 -170 0.378733 4.98564
-170 -160 0.397321 4.98419
-170 -150 0.41782 4.98251
-170 -140 0.440541 4.98055
-170 -130 0.465864 4.97825
-170 -120 0.494261 4.97551
-170 -110 0.526323 4.97222
-170 -100 0.562806 4.96822
-170 -90 0.604682 4.9633
-170 -80 0.653233 4.95715
-170 -70 0.710173 4.94931
-170 -60 0.777855 4.93912
-170 -50 0.85958 4.92556
-170 -40 0.960131 4.90695
-170 -30 1.08667 4.88049
-170 -20 1.25038 4.84113
-170 -10 1.4695 4.77918
-170 0 1.77538 4.67419
-170 10 2.22423 4.47804
-170 20 3.66854 3.39733
-170 30 3.77475 3.27892
-170 40 3.86982 3.16614
-170 50 4.48015 2.21996
-170 60 4.95988 0.632107
-170 70 4.99415 -0.241751
-170 80 4.88426 -1.06956
-170 90 4.72489 -1.63566
-170 100 4.45261 -2.27471
-170 110 4.22082 -2.68042
-170 120 3.96318 -3.04848
-170 130 3.73618 -3.32279
-170 140 3.51877 -3.55222
-170 150 3.31414 -3.74386
-170 160 3.12376 -3.90412
-170 170 2.99471 -4.00396
-160 -180 0.137982 4.9981
-160 -170 0.14447 4.99791
-160 -160 0.151597 4.9977
-160 -150 0.159465 4.99746
-160 -140 0.168193 4.99717
-160 -130 0.177931 4.99683
-160 -120 0.188866 4.99643
-160 -110 0.201231 4.99595
-160 -100 0.215327 4.99536
-160 -90 0.231545 4.99464
-160 -80 0.250401 4.99373
-160 -70 0.272595 4.99256
-160 -60 0.299099 4.99105
-160 -50 0.331299 4.98901
-160 -40 0.371247 4.9862
-160 -30 0.422111 4.98215
-160 -20 0.489047 4.97603
-160 -10 0.581041 4.96612
-160 0 0.715223 4.94858
-160 10 1.88879 4.62952
-160 20 2.94724 4.03903
-160 30 2.92048 4.05842
-160 40 3.47201 3.59794
-160 50 4.4893 2.20141
-160 60 4.94603 0.732691
-160 70 4.99225 -0.278331
-160 80 4.84969 -1.21676
-160 90 4.57401 -2.01952
-160 100 4.31895 -2.51926
-160 110 4.02366 -2.96819
-160 120 3.76429 -3.29091
-160 130 3.51648 -3.55448
-160 140 3.28517 -3.7693
-160 150 3.12276 -3.90491
-160 160 2.93248 -4.04976
-160 170 2.75879 -4.17002
-150 -180 -0.0866722 4.99925
-150 -170 -0.0907496 4.99918
-150 -160 -0.0952295 4.99909
-150 -150 -0.100175 4.999
-150 -140 -0.105661 4.99888
-150 -130 -0.111783 4.99875
-150 -120 -0.118659 4.99859
-150 -110 -0.126435 4.9984
-150 -100 -0.135301 4.99817
-150 -90 -0.145504 4.99788
-150 -80 -0.157371 4.99752
-150 -70 -0.171344 4.99706
-150 -60 -0.188038 4.99646
-150 -50 -0.208332 4.99566
-150 -40 -0.233533 4.99454
-150 -30 -0.265659 4.99294
-150 -20 -0.308015 4.9905
-150 -10 -0.366394 4.98656
-150 0 -0.451968 4.97953
-150 10 1.30062 4.82788
-150 20 2.12064 4.52801
-150 30 2.07408 4.54953
-150 40 2.77645 4.15828
-150 50 4.52565 2.12567
-150 60 4.96828 0.562268
-150 70 4.96254 -0.610886
-150 80 4.72039 -1.64862
-150 90 4.44612 -2.28736
-150 100 4.10348 -2.85682
-150 110 3.80151 -3.24784
-150 120 3.55716 -3.51378
-150 130 3.30056 -3.75583
-150 140 3.0662 -3.94948
-150 150 2.85438 -4.10518
-150 160 2.66395 -4.23124
-150 170 2.49307 -4.33412
-140 -180 -0.310802 4.99033
-140 -170 -0.325368 4.9894
-140 -160 -0.341362 4.98833
-140 -150 -0.359006 4.98709
-140 -140 -0.378568 4.98565
-140 -130 -0.400377 4.98394
-140 -120 -0.424843 4.98192
-140 -110 -0.452481 4.97948
-140 -100 -0.483946 4.97652
-140 -90 -0.520089 4.97288
-140 -80 -0.562029 4.96831
-140 -70 -0.61127 4.96249
-140 -60 -0.669883 4.95492
-140 -50 -0.740789 4.94482
-140 -40 -0.828248 4.93092
-140 -30 -0.9387 4.91109
-140 -20 -1.08232 4.88145
-140 -10 -1.27606 4.83442
-140 0 -0.664305 4.95567
-140 10 0.510367 4.97388
-140 20 1.01345 4.89621
-140 30 1.01298 4.89631
-140 40 2.40303 4.38468
-140 50 4.54273 2.08893
-140 60 4.95317 0.68269
-140 70 4.88274 -1.0765
-140 80 4.55748 -2.05653
-140 90 4.21304 -2.69263
-140 100 3.88723 -3.14475
-140 110 3.56099 -3.50989
-140 120 3.26098 -3.79025
-140 130 2.99191 -4.00605
-140 140 2.86429 -4.09828
-140 150 2.65452 -4.23716
-140 160 2.46836 -4.34824
-140 170 2.30309 -4.43799
-130 -180 -0.533068 4.9715
-130 -170 -0.557849 4.96878
-130 -160 -0.585029 4.96566
-130 -150 -0.614971 4.96204
-130 -140 -0.648116 4.95782
-130 -130 -0.685002 4.95285
-130 -120 -0.726292 4.94697
-130 -110 -0.772814 4.93991
-130 -100 -0.825616 4.93136
-130 -90 -0.886036 4.92087
-130 -80 -0.955819 4.90779
-130 -70 -1.03727 4.89122
-130 -60 -1.13348 4.86983
-130 -50 -1.24873 4.84156
-130 -40 -1.389 4.80319
-130 -30 -1.5629 4.74946
-130 -20 -1.78311 4.67124
-130 -10 -1.4066 4.79807
-130 0 -1.04278 4.89005
-130 10 -0.722163 4.94757
-130 20 -0.237296 4.99437
-130 30 0.281195 4.99209
-130 40 2.30334 4.43786
-130 50 4.2772 2.58951
-130 60 4.99802 -0.140616
-130 70 4.75615 -1.5424
-130 80 4.37467 -2.42121
-130 90 3.96545 -3.04553
-130 100 3.56647 -3.50432
-130 110 3.33029 -3.7295
-130 120 3.02215 -3.98329
-130 130 2.7529 -4.17391
-130 140 2.51929 -4.31893
-130 150 2.31678 -4.43086
-130 160 2.1408 -4.51851
-130 170 1.98722 -4.58813
-120 -180 -0.752185 4.9431
-120 -170 -0.786725 4.93772
-120 -160 -0.824543 4.93154
-120 -150 -0.866122 4.92441
-120 -140 -0.912042 4.91611
-120 -130 -0.963004 4.90639
-120 -120 -1.01987 4.89488
-120 -110 -1.0837 4.88115
-120 -100 -1.15581 4.86458
-120 -90 -1.23787 4.84434
-120 -80 -1.332 4.81931
-120 -70 -1.44094 4.78787
-120 -60 -1.56825 4.74769
-120 -50 -1.71863 4.69535
-120 -40 -1.89833 4.62562
-120 -30 -2.11567 4.53033
-120 -20 -2.38161 4.39636
-120 -10 -2.15228 4.51306
-120 0 -1.95928 4.60013
-120 10 -1.44584 4.78639
-120 20 -1.34913 4.81454
-120 30 -0.146324 4.99786
-120 40 1.06189 4.88594
-120 50 4.56518 2.0394
-120 60 4.93849 -0.781837
-120 70 4.62932 -1.88928
-120 80 4.18217 -2.74033
-120 90 3.71209 -3.34968
-120 100 3.28171 -3.77232
-120 110 3.10622 -3.91809
-120 120 2.79194 -4.1479
-120 130 2.5241 -4.31613
-120 140 2.29624 -4.44154
-120 150 2.10177 -4.5368
-120 160 1.93484 -4.61047
-120 170 1.7906 -4.66838
-110 -180 -0.966957 4.90561
-110 -170 -1.01064 4.8968
-110 -160 -1.05836 4.8867
-110 -150 -1.1107 4.87507
-110 -140 -1.16831 4.86159
-110 -130 -1.23204 4.84583
-110 -120 -1.30285 4.82728
-110 -110 -1.38194 4.80523
-110 -100 -1.47078 4.77879
-110 -90 -1.57117 4.74673
-110 -80 -1.68535 4.7074
-110 -70 -1.8161 4.65852
-110 -60 -1.96691 4.59688
-110 -50 -2.1421 4.5179
-110 -40 -2.34701 4.41492
-110 -30 -2.58798 4.27812
-110 -20 -2.43668 4.36607
-110 -10 -2.75607 4.17182
-110 0 -2.69106 4.21405
-110 10 -2.33928 4.41902
-110 20 -1.91573 4.61844
-110 30 -1.23935 4.84397
-110 40 4.63797 1.86796
-110 50 4.94586 0.733816
-110 60 4.95388 -0.677514
-110 70 4.65016 -1.8374
-110 80 4.18554 -2.73519
-110 90 3.69463 -3.36894
-110 100 2.9948 -4.00389
-110 110 2.6192 -4.25909
-110 120 2.31416 -4.43223
-110 130 2.06558 -4.55339
-110 140 1.86108 -4.64073
-110 150 1.69093 -4.7054
-110 160 1.54772 -4.75443
-110 170 1.42586 -4.79238
-100 -180 -1.17631 4.85966
-100 -170 -1.2284 4.84676
-100 -160 -1.28514 4.83202
-100 -150 -1.34717 4.8151
-100 -140 -1.41521 4.79554
-100 -130 -1.49015 4.77278
-100 -120 -1.57301 4.74612
-100 -110 -1.66504 4.71462
-100 -100 -1.7677 4.6771
-100 -90 -1.88277 4.63197
-100 -80 -2.01237 4.57716
-100 -70 -2.15902 4.50984
-100 -60 -2.3257 4.42619
-100 -50 -2.51585 4.32094
-100 -40 -2.73324 4.18681
-100 -30 -2.98164 4.0137
-100 -20 -2.90357 4.07054
-100 -10 -2.87273 4.09236
-100 0 -2.90585 4.06891
-100 10 -3.01697 3.98722
-100 20 3.59077 3.47942
-100 30 3.97048 3.03897
-100 40 4.3382 2.48597
-100 50 4.71787 1.65581
-100 60 4.99096 0.300506
-100 70 4.78674 -1.44469
-100 80 4.05526 -2.92486
-100 90 3.48951 -3.58096
-100 100 3.00313 -3.99765
-100 110 2.30379 -4.43763
-100 120 2.0123 -4.57719
-100 130 1.78118 -4.67198
-100 140 1.59485 -4.73882
-100 150 1.44215 -4.7875
-100 160 1.31512 -4.82395
-100 170 1.20801 -4.85188
-90 -180 -1.37932 4.80598
-90 -170 -1.43896 4.78846
-90 -160 -1.50373 4.76852
-90 -150 -1.57428 4.7457
-90 -140 -1.65135 4.71943
-90 -130 -1.73582 4.68902
-90 -120 -1.82872 4.65358
-90 -110 -1.93122 4.61198
-90 -100 -2.0447 4.56281
-90 -90 -2.17077 4.50419
-90 -80 -2.31125 4.43375
-90 -70 -2.46821 4.34832
-90 -60 -2.64389 4.2438
-90 -50 -2.84061 4.11472
-90 -40 -3.06047 3.95393
-90 -30 -3.00469 3.99648
-90 -20 -3.27868 3.77495
-90 -10 -3.29753 3.7585
-90 0 -3.37175 3.69206
-90 10 3.19395 3.8469
-90 20 3.54793 3.5231
-90 30 3.75686 3.29939
-90 40 4.19839 2.71542
-90 50 4.61759 1.91778
-90 60 4.90838 0.952812
-90 70 4.9645 -0.594723
-90 80 4.63391 -1.87799
-90 90 3.73517 -3.32393
-90 100 2.73434 -4.18609
-90 110 2.32568 -4.4262
-90 120 1.68556 -4.70732
-90 130 1.47812 -4.77652
-90 140 1.31439 -4.82414
-90 150 1.18233 -4.8582
-90 160 0.874562 -4.92292
-90 170 0.800742 -4.93546
-80 -180 -1.57521 4.74539
-80 -170 -1.6415 4.72287
-80 -160 -1.71325 4.69732
-80 -150 -1.79107 4.6682
-80 -140 -1.87571 4.63483
-80 -130 -1.968 4.59641
-80 -120 -2.06888 4.5519
-80 -110 -2.17941 4.50002
-80 -100 -2.30082 4.43917
-80 -90 -2.43442 4.36733
-80 -80 -2.58167 4.28194
-80 -70 -2.74405 4.17974
-80 -60 -2.92303 4.05659
-80 -50 -3.11981 3.90727
-80 -40 -3.07817 3.94016
-80 -30 -3.31619 3.74204
-80 -20 -3.33587 3.72451
-80 -10 -3.62515 3.44358
-80 0 2.68881 4.21548
-80 10 3.01032 3.99224
-80 20 3.38929 3.67596
-80 30 3.82291 3.22264
-80 40 4.28486 2.57682
-80 50 4.70477 1.69266
-80 60 4.96545 0.586778
-80 70 4.96234 -0.612504
-80 80 4.69686 -1.71451
-80 90 4.2749 -2.59331
-80 100 3.34168 -3.7193
-80 110 2.46392 -4.35076
-80 120 1.71014 -4.69845
-80 130 1.15347 -4.86513
-80 140 1.01757 -4.89536
-80 150 0.676659 -4.954
-80 160 0.612408 -4.96235
-80 170 0.559229 -4.96863
-70 -180 -1.76336 4.67874
-70 -170 -1.83538 4.65096
-70 -160 -1.91302 4.61956
-70 -150 -1.99687 4.58394
-70 -140 -2.08763 4.54332
-70 -130 -2.18604 4.4968
-70 -120 -2.29293 4.44325
-70 -110 -2.40921 4.38129
-70 -100 -2.53587 4.30922
-70 -90 -2.67392 4.22495
-70 -80 -2.82438 4.12588
-70 -70 -2.98819 4.00883
-70 -60 -3.16606 3.8699
-70 -50 -3.35825 3.70434
-70 -40 -3.34416 3.71706
-70 -30 -3.57133 3.49937
-70 -20 1.7341 4.68966
-70 -10 2.19004 4.49485
-70 0 2.45908 4.3535
-70 10 2.78847 4.15023
-70 20 3.19098 3.84937
-70 30 3.67178 3.39382
-70 40 4.20701 2.70204
-70 50 4.82607 1.30729
-70 60 4.99922 0.0882939
-70 70 4.83381 -1.2784
-70 80 4.48213 -2.21597
-70 90 4.06486 -2.91152
-70 100 3.66686 -3.39914
-70 110 3.30093 -3.75551
-70 120 2.97837 -4.01613
-70 130 2.79853 -4.14346
-70 140 2.56288 -4.29321
-70 150 2.35811 -4.409
-70 160 2.17984 -4.49981
-70 170 2.02405 -4.57201
-60 -180 -1.94333 4.60689
-60 -170 -2.02014 4.57373
-60 -160 -2.1026 4.53641
-60 -150 -2.19127 4.49425
-60 -140 -2.28675 4.44643
-60 -130 -2.38968 4.39197
-60 -120 -2.50076 4.32969
-60 -110 -2.62072 4.25815
-60 -100 -2.75028 4.17564
-60 -90 -2.89016 4.08007
-60 -80 -3.04096 3.96895
-60 -70 -3.20309 3.8393
-60 -60 -3.37666 3.68757
-60 -50 -3.36582 3.69747
-60 -40 -3.56715 3.50364
-60 -30 1.32312 4.82176
-60 -20 1.46984 4.77908
-60 -10 1.92498 4.61459
-60 0 2.18511 4.49725
-60 10 2.51414 4.32194
-60 20 3.28171 3.77232
-60 30 3.80799 3.24025
-60 40 4.59764 1.96512
-60 50 4.93687 0.792049
-60 60 4.94664 -0.728552
-60 70 4.66009 -1.81207
-60 80 4.22967 -2.66644
-60 90 3.76852 -3.28607
-60 100 3.34078 -3.72011
-60 110 3.13637 -3.89399
-60 120 2.82263 -4.12708
-60 130 2.55437 -4.29828
-60 140 2.32557 -4.42625
-60 150 2.12991 -4.52366
-60 160 1.9617 -4.5991
-60 170 1.81616 -4.65849
-50 -180 -2.11483 4.53073
-50 -170 -2.19552 4.49218
-50 -160 -2.28178 4.44898
-50 -150 -2.37411 4.40041
-50 -140 -2.47301 4.3456
-50 -130 -2.57901 4.28354
-50 -120 -2.69265 4.21303
-50 -110 -2.81447 4.13264
-50 -100 -2.94496 4.04069
-50 -90 -3.08453 3.93519
-50 -80 -3.23341 3.8138
-50 -70 -3.39161 3.67383
-50 -60 -3.38307 3.68169
-50 -50 2.28151 4.44913
-50 -40 2.26201 4.45907
-50 -30 2.4388 4.36489
-50 -20 2.64019 4.24611
-50 -10 2.86977 4.09444
-50 0 3.13075 3.89851
-50 10 3.29124 3.764
-50 20 3.63297 3.43534
-50 30 4.14755 2.79246
-50 40 4.65286 1.83055
-50 50 4.95255 0.687237
-50 60 4.96676 -0.575623
-50 70 4.68846 -1.73733
-50 80 4.23958 -2.65065
-50 90 3.7538 -3.30287
-50 100 3.30614 -3.75092
-50 110 2.9211 -4.05797
-50 120 2.59859 -4.27169
-50 130 2.33016 -4.42384
-50 140 2.1061 -4.53479
-50 150 1.91774 -4.6176
-50 160 1.75803 -4.68074
-50 170 1.62138 -4.72981
-40 -180 -2.2777 4.45107
-40 -170 -2.3614 4.40724
-40 -160 -2.45051 4.35832
-40 -150 -2.54543 4.30358
-40 -140 -2.64657 4.24213
-40 -130 -2.75434 4.17296
-40 -120 -2.86913 4.09488
-40 -110 -2.9913 4.00651
-40 -100 -3.1211 3.90625
-40 -90 -3.25868 3.79223
-40 -80 -3.40399 3.66236
-40 -70 1.70731 4.69948
-40 -60 1.8258 4.65472
-40 -50 1.96042 4.59965
-40 -40 2.11423 4.53101
-40 -30 2.29093 4.44428
-40 -20 2.49488 4.33308
-40 -10 2.73097 4.18829
-40 0 3.00412 3.9969
-40 10 3.318 3.74044
-40 20 3.40069 3.66542
-40 30 3.79828 3.25163
-40 40 4.22223 2.6782
-40 50 4.56335 2.04348
-40 60 4.89891 1.00032
-40 70 4.94658 -0.728914
-40 80 4.61495 -1.92411
-40 90 4.12213 -2.82986
-40 100 3.14959 -3.88331
-40 110 2.73019 -4.18881
-40 120 2.39202 -4.3907
-40 130 2.1193 -4.52864
-40 140 1.89734 -4.62602
-40 150 1.71452 -4.69685
-40 160 1.56203 -4.74974
-40 170 1.4333 -4.79016
-30 -180 -2.43191 4.36873
-30 -170 -2.51783 4.31978
-30 -160 -2.6089 4.2654
-30 -150 -2.70545 4.20482
-30 -140 -2.80779 4.13718
-30 -130 -2.91621 4.06149
-30 -120 -3.03096 3.97659
-30 -110 -3.15222 3.88117
-30 -100 -3.28006 3.77375
-30 -90 1.39576 4.80124
-30 -80 1.48728 4.77368
-30 -70 1.59094 4.74014
-30 -60 1.70913 4.69882
-30 -50 1.84484 4.64721
-30 -40 2.00181 4.58178
-30 -30 2.18471 4.49745
-30 -20 2.39924 4.38676
-30 -10 2.65216 4.23864
-30 0 2.95071 4.03649
-30 10 3.30085 3.75558
-30 20 3.26506 3.78674
-30 30 3.70757 3.35469
-30 40 4.19247 2.72456
-30 50 4.65049 1.83656
-30 60 4.95173 0.693079
-30 70 4.96727 -0.571161
-30 80 4.75546 -1.54453
-30 90 4.10337 -2.85699
-30 100 3.50329 -3.56749
-30 110 2.55968 -4.29512
-30 120 2.19466 -4.4926
-30 130 1.91213 -4.61993
-30 140 1.68961 -4.70587
-30 150 1.51105 -4.76621
-30 160 1.3652 -4.81001
-30 170 1.02319 -4.89419
-20 -180 -2.57754 4.28442
-20 -170 -2.66494 4.23061
-20 -160 -2.75719 4.17108
-20 -150 -2.85453 4.10508
-20 -140 -2.95717 4.03177
-20 -130 -3.06529 3.95019
-20 -120 -3.17902 3.85925
-20 -110 0.968155 4.90537
-20 -100 1.0264 4.89352
-20 -90 1.09191 4.87932
-20 -80 1.1661 4.86212
-20 -70 1.25076 4.84103
-20 -60 1.34815 4.81482
-20 -50 1.46124 4.78171
-20 -40 1.5939 4.73915
-20 -30 1.75125 4.68328
-20 -20 1.94015 4.60823
-20 -10 2.16975 4.50469
-20 0 2.45204 4.35746
-20 10 2.80186 4.1412
-20 20 3.23427 3.81307
-20 30 4.18183 2.74086
-20 40 4.65893 1.81505
-20 50 4.96215 0.614062
-20 60 4.93384 -0.8107
-20 70 4.63578 -1.87338
-20 80 4.20388 -2.70692
-20 90 3.94808 -3.068
-20 100 3.54281 -3.52824
-20 110 3.17791 -3.86016
-20 120 2.8607 -4.10078
-20 130 2.58889 -4.27758
-20 140 2.35677 -4.40972
-20 150 2.15814 -4.51026
-20 160 1.98732 -4.58809
-20 170 1.83951 -4.64932
-10 -180 -2.71475 4.19882
-10 -170 -2.80299 4.14044
-10 -160 -2.89572 4.07613
-10 -150 -2.99311 4.00516
-10 -140 -3.09529 3.92673
-10 -130 1.40714 4.79791
-10 -120 1.47798 4.77657
-10 -110 1.55593 4.75175
-10 -100 1.64205 4.72268
-10 -90 1.73758 4.68837
-10 -80 1.84401 4.64754
-10 -70 1.96309 4.59851
-10 -60 1.96214 4.59891
-10 -50 2.10739 4.53419
-10 -40 2.27298 4.45349
-10 -30 2.46256 4.35153
-10 -20 2.68026 4.22093
-10 -10 2.9303 4.05134
-10 0 3.21621 3.82832
-10 10 3.3975 3.66837
-10 20 3.77122 3.28297
-10 30 4.1049 2.85478
-10 40 4.53119 2.11385
-10 50 4.90387 0.975732
-10 60 4.99293 -0.265738
-10 70 4.78194 -1.46049
-10 80 4.36697 -2.43507
-10 90 3.88569 -3.14665
-10 100 3.42768 -3.6402
-10 110 3.02774 -3.97904
-10 120 2.69051 -4.2144
-10 130 2.40918 -4.38131
-10 140 2.1743 -4.50249
-10 150 1.97701 -4.59254
-10 160 1.80994 -4.66091
-10 170 1.66722 -4.71385
0 -180 -2.84379 4.11252
0 -170 -2.93228 4.04991
0 -160 -3.02489 3.98121
0 -150 1.15693 4.86431
0 -140 1.11685 4.87367
0 -130 1.17199 4.8607
0 -120 1.23267 4.84567
0 -110 1.29973 4.82811
0 -100 1.37421 4.80745
0 -90 1.45732 4.78291
0 -80 1.55057 4.7535
0 -70 1.65581 4.71787
0 -60 1.77529 4.67422
0 -50 1.91182 4.62006
0 -40 2.06884 4.55191
0 -30 2.25058 4.46485
0 -20 2.46209 4.35179
0 -10 2.7092 4.20241
0 0 2.99787 4.00159
0 10 3.33263 3.72741
0 20 3.71258 3.34914
0 30 3.98157 3.02441
0 40 4.43319 2.31232
0 50 4.81031 1.36414
0 60 4.99481 0.227657
0 70 4.88134 -1.08283
0 80 4.4964 -2.18686
0 90 3.75433 -3.30228
0 100 3.23817 -3.80976
0 110 2.80782 -4.13716
0 120 2.45909 -4.35349
0 130 2.17727 -4.50105
0 140 1.9478 -4.60501
0 150 1.53215 -4.75946
0 160 1.39435 -4.80164
0 170 1.27848 -4.83379
10 -180 3.06753 3.94845
10 -170 3.17638 3.86142
10 -160 3.2904 3.76474
10 -150 3.40952 3.65721
10 -140 3.53352 3.53755
10 -130 1.02959 4.89285
10 -120 1.08379 4.88113
10 -110 1.14384 4.8674
10 -100 1.21073 4.8512
10 -90 1.28563 4.83189
10 -80 1.37002 4.80864
10 -70 1.46571 4.78034
10 -60 1.575 4.74546
10 -50 1.70079 4.70184
10 -40 1.84673 4.64646
10 -30 2.01752 4.57489
10 -20 2.21908 4.48059
10 -10 2.45879 4.35366
10 0 2.74533 4.17889
10 10 3.08762 3.93276
10 20 3.49118 3.57934
10 30 3.94866 3.06726
10 40 4.42094 2.33566
10 50 4.815 1.34749
10 60 4.99754 0.156854
10 70 4.8862 -1.06069
10 80 4.53286 -2.11025
10 90 4.06919 -2.90545
10 100 3.60247 -3.4673
10 110 3.18375 -3.85535
10 120 2.14968 -4.5143
10 130 1.88312 -4.63183
10 140 1.42523 -4.79257
10 150 1.27718 -4.83413
10 160 1.1562 -4.86448
10 170 1.05565 -4.88729
20 -180 2.9251 4.05509
20 -170 3.03491 3.97358
20 -160 3.15064 3.88246
20 -150 3.27236 3.78043
20 -140 3.40002 3.66605
20 -130 3.53336 3.5377
20 -120 3.67194 3.39365
20 -110 0.980282 4.90296
20 -100 1.03878 4.8909
20 -90 1.10452 4.87648
20 -80 1.17888 4.85904
20 -70 1.26361 4.83769
20 -60 1.36095 4.81122
20 -50 1.47378 4.77786
20 -40 1.60586 4.7351
20 -30 1.76216 4.67919
20 -20 2.14732 4.51542
20 -10 2.38944 4.3921
20 0 2.68193 4.21986
20 10 3.0357 3.97298
20 20 3.45851 3.61091
20 30 3.9437 3.07363
20 40 4.44571 2.28816
20 50 4.85071 1.21269
20 60 4.99877 -0.110832
20 70 4.83611 -1.26967
20 80 4.46693 -2.24645
20 90 4.01292 -2.9827
20 100 3.56457 -3.50626
20 110 3.16341 -3.87206
20 120 2.81969 -4.12909
20 130 2.52985 -4.31276
20 140 2.52043 -4.31827
20 150 2.29963 -4.43979
20 160 2.11027 -4.53285
20 170 1.94701 -4.60534
30 -180 2.77096 4.16194
30 -170 2.88087 4.08664
30 -160 2.99746 4.00191
30 -150 3.12095 3.90636
30 -140 3.25147 3.79841
30 -130 3.38897 3.67626
30 -120 3.53318 3.53788
30 -110 3.68353 3.38107
30 -100 3.839 3.20344
30 -90 1.0369 4.8913
30 -80 1.10792 4.87571
30 -70 1.18906 4.85656
30 -60 1.28259 4.8327
30 -50 1.39142 4.80249
30 -40 1.67659 4.71053
30 -30 1.83674 4.65042
30 -20 2.02754 4.57046
30 -10 2.25728 4.46147
30 0 2.53646 4.30887
30 10 2.96387 4.02685
30 20 3.33899 3.72172
30 30 3.77109 3.28312
30 40 4.23698 2.65481
30 50 4.66994 1.78652
30 60 4.9527 0.686123
30 70 4.97241 -0.524526
30 80 4.72001 -1.64969
30 90 4.29968 -2.552
30 100 3.83314 -3.21046
30 110 3.39437 -3.67127
30 120 3.01117 -3.9916
30 130 2.68658 -4.21691
30 140 2.41422 -4.37853
30 150 2.18551 -4.49706
30 160 1.9924 -4.58589
30 170 1.85193 -4.64439
40 -180 2.60451 4.26808
40 -170 2.7135 4.19964
40 -160 2.82987 4.12212
40 -150 2.95404 4.03406
40 -140 3.08635 3.93376
40 -130 3.22699 3.81923
40 -120 3.37596 3.68821
40 -110 3.53297 3.5381
40 -100 3.69727 3.36604
40 -90 3.86753 3.16895
40 -80 4.04164 2.94367
40 -70 2.17136 4.50391
40 -60 2.30371 4.43767
40 -50 2.45067 4.35824
40 -40 2.6141 4.26221
40 -30 1.89197 4.62822
40 -20 2.07558 4.54884
40 -10 2.29373 4.44284
40 0 2.55483 4.29801
40 10 2.86853 4.0953
40 20 3.24376 3.805
40 30 3.68263 3.38205
40 40 4.16588 2.76504
40 50 4.62774 1.89316
40 60 4.94141 0.763182
40 70 4.68445 -1.74811
40 80 4.25595 -2.62429
40 90 3.14236 -3.88916
40 100 2.79472 -4.14603
40 110 2.52236 -4.31714
40 120 2.29127 -4.4441
40 130 2.09454 -4.54014
40 140 1.92606 -4.61414
40 150 1.78077 -4.67214
40 160 1.65456 -4.71831
40 170 1.54416 -4.75558
50 -180 2.42528 4.37242
50 -170 2.53212 4.31143
50 -160 2.64697 4.24188
50 -150 2.77045 4.16228
50 -140 2.90313 4.07085
50 -130 3.04551 3.96546
50 -120 3.19792 3.84361
50 -110 3.36043 3.70237
50 -100 3.53271 3.53835
50 -90 3.71381 3.34778
50 -80 3.9019 3.12653
50 -70 4.09399 2.87041
50 -60 4.28563 2.57553
50 -50 2.16046 4.50915
50 -40 2.31582 4.43136
50 -30 2.49151 4.33502
50 -20 2.6906 4.21434
50 -10 2.91623 4.06148
50 0 3.17101 3.86583
50 10 2.95536 4.03309
50 20 3.23984 3.80834
50 30 3.55987 3.51103
50 40 4.9931 -0.262525
50 50 4.69302 -1.72498
50 60 4.01885 -2.97469
50 70 3.47322 -3.59677
50 80 3.00342 -3.99743
50 90 2.61892 -4.25926
50 100 2.90695 -4.06813
50 110 2.575 -4.28595
50 120 2.30077 -4.4392
50 130 2.07336 -4.54986
50 140 1.88326 -4.63177
50 150 1.72285 -4.6938
50 160 1.58617 -4.74174
50 170 1.4686 -4.77946
60 -180 2.23292 4.47371
60 -170 2.33623 4.42064
60 -160 2.44803 4.35972
60 -150 2.56915 4.28946
60 -140 2.70042 4.20806
60 -130 2.84266 4.11331
60 -120 2.99661 4.00254
60 -110 3.16284 3.87253
60 -100 3.34155 3.71941
60 -90 3.5324 3.53867
60 -80 3.73411 3.32512
60 -70 3.94411 3.07311
60 -60 4.15796 2.77694
60 -50 4.36893 2.43155
60 -40 1.9824 4.59022
60 -30 2.14515 4.51645
60 -20 2.3332 4.42224
60 -10 2.55149 4.29999
60 0 2.80551 4.13873
60 10 3.10052 3.9226
60 20 3.43955 3.62898
60 30 3.81909 3.22716
60 40 3.56558 3.50523
60 50 4.00051 2.99932
60 60 4.77658 1.47792
60 70 4.99991 0.0296475
60 80 3.22795 -3.81842
60 90 2.71872 -4.19625
60 100 2.32489 -4.42661
60 110 2.01978 -4.57389
60 120 1.77993 -4.67246
60 130 1.58799 -4.74113
60 140 1.43168 -4.79065
60 150 1.30235 -4.82741
60 160 1.19378 -4.8554
60 170 1.10149 -4.87716
70 -180 2.02734 4.57055
70 -170 2.12554 4.52571
70 -160 2.23253 4.4739
70 -150 2.34932 4.4137
70 -140 2.47699 4.34333
70 -130 2.61672 4.26061
70 -120 2.76969 4.16279
70 -110 2.93704 4.04646
70 -100 3.11969 3.90737
70 -90 3.31812 3.74033
70 -80 3.53201 3.53906
70 -70 3.75962 3.29625
70 -60 3.99711 3.00385
70 -50 4.23759 2.65384
70 -40 4.47032 2.2397
70 -30 4.68046 1.75878
70 -20 1.92349 4.61521
70 -10 2.12207 4.52734
70 0 2.36027 4.40785
70 10 2.6481 4.24117
70 20 2.99666 4.0025
70 30 3.4145 3.65256
70 40 3.89713 3.13247
70 50 4.40347 2.36843
70 60 4.96021 -0.62953
70 70 4.49516 -2.18941
70 80 4.19856 -2.71516
70 90 4.14193 -2.80079
70 100 3.78038 -3.27242
70 110 3.43957 -3.62897
70 120 3.13188 -3.89761
70 130 2.86011 -4.10119
70 140 2.62241 -4.25711
70 150 2.41509 -4.37805
70 160 2.23409 -4.47313
70 170 2.07554 -4.54886
80 -180 1.80868 4.6614
80 -170 1.90008 4.6249
80 -160 2.0003 4.58245
80 -150 2.11051 4.53274
80 -140 2.23202 4.47416
80 -130 2.36634 4.40459
80 -120 2.5151 4.32137
80 -110 2.68005 4.22106
80 -100 2.86295 4.09921
80 -90 3.06536 3.95014
80 -80 3.28828 3.76659
80 -70 3.5315 3.53956
80 -60 3.7926 3.25825
80 -50 4.06551 2.91061
80 -40 4.33874 2.48501
80 -30 4.59406 1.97348
80 -20 4.93465 0.805738
80 -10 1.62677 4.72796
80 0 1.82912 4.65342
80 10 2.08329 4.54532
80 20 3.40282 3.66344
80 30 3.96959 3.04013
80 40 4.55085 2.07117
80 50 4.98793 -0.347176
80 60 4.78063 -1.46477
80 70 4.69413 -1.72195
80 80 4.28646 -2.57416
80 90 3.83941 -3.20296
80 100 3.41754 -3.64971
80 110 3.43043 -3.6376
80 120 3.08353 -3.93597
80 130 2.78313 -4.15382
80 140 2.52565 -4.31522
80 150 2.30532 -4.43684
80 160 2.1162 -4.53009
80 170 1.95305 -4.60278
90 -180 1.5774 4.74466
90 -170 1.66021 4.71632
90 -160 1.75157 4.68316
90 -150 1.85274 4.64407
90 -140 1.96521 4.5976
90 -130 2.09074 4.54189
90 -120 2.23135 4.47449
90 -110 2.38939 4.39213
90 -100 2.56748 4.29046
90 -90 2.76842 4.16363
90 -80 2.99491 4.00381
90 -70 3.24898 3.80055
90 -60 3.53083 3.54023
90 -50 3.8369 3.20596
90 -40 4.15681 2.77865
90 -30 4.46971 2.24091
90 -20 4.913 0.928649
90 -10 4.99754 0.156903
90 0 4.89321 -1.02786
90 10 2.2247 4.4778
90 20 2.69595 4.21092
90 30 3.34481 3.71648
90 40 4.23749 2.65399
90 50 4.62871 1.89078
90 60 4.95391 0.677341
90 70 4.85044 -1.21377
90 80 4.42546 -2.32708
90 90 3.90161 -3.12689
90 100 3.40206 -3.66415
90 110 2.97239 -4.02056
90 120 2.61671 -4.26061
90 130 2.32506 -4.42652
90 140 2.08516 -4.54446
90 150 1.88616 -4.63059
90 160 1.71941 -4.69507
90 170 1.57819 -4.7444
100 -180 1.3343 4.81868
100 -170 1.40674 4.79803
100 -160 1.48709 4.77374
100 -150 1.57665 4.74491
100 -140 1.67697 4.71039
100 -130 1.78996 4.66862
100 -120 1.9179 4.61754
100 -110 2.06359 4.55429
100 -100 2.23041 4.47496
100 -90 2.42234 4.37405
100 -80 2.64395 4.24376
100 -70 2.90007 4.07303
100 -60 3.1949 3.84611
100 -50 3.52988 3.54118
100 -40 3.89945 3.12958
100 -30 4.28379 2.57859
100 -20 4.64028 1.8622
100 -10 4.99653 0.186225
100 0 4.85337 -1.20201
100 10 4.44921 -2.28134
100 20 3.38604 3.67896
100 30 3.75786 3.29826
100 40 4.156 2.77987
100 50 4.54233 2.08979
100 60 4.83576 1.27099
100 70 4.99699 -0.173464
100 80 4.77146 -1.49439
100 90 3.91059 -3.11565
100 100 3.32557 -3.73371
100 110 2.84035 -4.1149
100 120 2.45449 -4.35609
100 130 2.14904 -4.5146
100 140 1.57707 -4.74477
100 150 1.41503 -4.79559
100 160 1.28209 -4.83283
100 170 1.17131 -4.86087
110 -180 1.08059 4.88184
110 -170 1.14093 4.86809
110 -160 1.20818 4.85183
110 -150 1.28358 4.83244
110 -140 1.3686 4.80905
110 -130 1.46513 4.78052
110 -120 1.57553 4.74528
110 -110 1.70276 4.70113
110 -100 1.85063 4.64491
110 -90 2.02399 4.57203
110 -80 2.22899 4.47567
110 -70 2.47328 4.34544
110 -60 2.76588 4.16532
110 -50 3.11589 3.9104
110 -40 3.52847 3.54259
110 -30 3.99421 3.00771
110 -20 4.46849 2.24334
110 -10 4.99475 0.22901
110 0 4.78692 -1.44408
110 10 4.31455 -2.52679
110 20 3.76426 -3.29095
110 30 3.61549 3.45373
110 40 4.06791 2.90725
110 50 4.51797 2.14196
110 60 4.97995 0.447321
110 70 4.94959 -0.708221
110 80 4.68011 -1.75971
110 90 3.81786 -3.22861
110 100 2.79038 -4.14895
110 110 2.11457 -4.53085
110 120 1.913 -4.61957
110 130 1.74396 -4.686
110 140 1.60075 -4.73684
110 150 1.4782 -4.7765
110 160 1.25948 -4.83877
110 170 1.17768 -4.85933
120 -180 0.817803 4.93267
120 -170 0.864509 4.9247
120 -160 0.916775 4.91523
120 -150 0.975636 4.90389
120 -140 1.04239 4.89014
120 -130 1.1187 4.87325
120 -120 1.20669 4.85221
120 -110 1.30916 4.82557
120 -100 1.42981 4.7912
120 -90 1.57365 4.7459
120 -80 1.74752 4.68468
120 -70 1.96083 4.59947
120 -60 2.22663 4.47684
120 -50 2.56247 4.29345
120 -40 2.98981 4.00762
120 -30 3.5261 3.54494
120 -20 4.15335 2.78382
120 -10 4.74079 1.58899
120 0 4.66487 -1.79972
120 10 4.01117 -2.98505
120 20 3.26652 -3.78548
120 30 2.8046 -4.13935
120 40 4.56092 2.0489
120 50 4.95337 0.681261
120 60 4.2355 -2.65716
120 70 3.59009 -3.48012
120 80 2.4056 -4.38327
120 90 2.07212 -4.55042
120 100 1.58849 -4.74096
120 110 1.41781 -4.79477
120 120 1.27906 -4.83363
120 130 1.16432 -4.86255
120 140 1.06801 -4.8846
120 150 0.986121 -4.90179
120 160 0.915689 -4.91544
120 170 0.854504 -4.92644
130 -180 0.547874 4.96989
130 -170 0.57968 4.96628
130 -160 0.615377 4.96199
130 -150 0.655717 4.95682
130 -140 0.701661 4.95052
130 -130 0.754448 4.94275
130 -120 0.815707 4.93301
130 -110 0.887618 4.92058
130 -100 0.973162 4.90438
130 -90 1.07652 4.88274
130 -80 1.20369 4.85295
130 -70 1.36359 4.81047
130 -60 1.56991 4.74715
130 -50 1.8443 4.64742
130 -40 2.22189 4.47919
130 -30 2.75822 4.1704
130 -20 3.52136 3.54965
130 -10 4.46481 2.25065
130 0 4.73155 -1.61632
130 10 3.49961 -3.5711
130 20 2.69225 -4.21329
130 30 1.91727 -4.6178
130 40 2.08642 -4.54388
130 50 2.04889 -4.56093
130 60 1.98248 -4.59018
130 70 1.59337 -4.73932
130 80 1.32677 -4.82075
130 90 1.13445 -4.8696
130 100 0.989806 -4.90105
130 110 0.87735 -4.92242
130 120 0.787544 -4.93759
130 130 0.714242 -4.94872
130 140 0.653314 -4.95713
130 150 0.601893 -4.96364
130 160 0.557929 -4.96877
130 170 0.519917 -4.9729
140 -180 0.273012 4.99254
140 -170 0.289019 4.99164
140 -160 0.307016 4.99057
140 -150 0.327398 4.98927
140 -140 0.350672 4.98769
140 -130 0.377498 4.98573
140 -120 0.408753 4.98326
140 -110 0.445629 4.9801
140 -100 0.489782 4.97595
140 -90 0.543589 4.97036
140 -80 0.610578 4.96258
140 -70 0.696213 4.95129
140 -60 0.809415 4.93405
140 -50 0.965737 4.90585
140 -40 1.19469 4.85518
140 -30 1.55865 4.75085
140 -20 2.20765 4.48623
140 -10 3.50701 3.56383
140 0 4.29555 -2.55896
140 10 2.62303 -4.25672
140 20 1.76887 -4.67666
140 30 0.755408 -4.94261
140 40 1.02625 -4.89355
140 50 0.877752 -4.92235
140 60 0.469265 -4.97793
140 70 0.378447 -4.98566
140 80 0.36365 -4.98676
140 90 0.310438 -4.99035
140 100 0.27079 -4.99266
140 110 0.240113 -4.99423
140 120 0.215673 -4.99535
140 130 0.195746 -4.99617
140 140 0.179187 -4.99679
140 150 0.16521 -4.99727
140 160 0.153254 -4.99765
140 170 0.142912 -4.99796
150 -180 -0.00435416 5
150 -170 -0.00461028 5
150 -160 -0.00489842 5
150 -150 -0.00522497 5
150 -140 -0.00559818 5
150 -130 -0.0060288 5
150 -120 -0.00653118 5
150 -110 -0.00712491 4.99999
150 -100 -0.00783738 4.99999
150 -90 -0.00870817 4.99999
150 -80 -0.00979666 4.99999
150 -70 -0.0111961 4.99999
150 -60 -0.013062 4.99998
150 -50 -0.0156743 4.99998
150 -40 -0.0195925 4.99996
150 -30 -0.0261226 4.99993
150 -20 -0.0391815 4.99985
150 -10 -0.0783452 4.99939
150 0 -4.99925 0.0863995
150 10 1.19337 -4.8555
150 20 0.583374 -4.96585
150 30 -0.31855 -4.98984
150 40 -0.198553 -4.99606
150 50 -0.1434 -4.99794
150 60 -0.618341 -4.96162
150 70 -0.624473 -4.96085
150 80 -0.539681 -4.97079
150 90 -0.461419 -4.97866
150 100 -0.402917 -4.98374
150 110 -0.326746 -4.98931
150 120 -0.293544 -4.99138
150 130 -0.266459 -4.99289
150 140 -0.243944 -4.99405
150 150 -0.224934 -4.99494
150 160 -0.20867 -4.99564
150 170 -0.194598 -4.99621
160 -180 -0.28168 4.99206
160 -170 -0.298192 4.9911
160 -160 -0.316756 4.98996
160 -150 -0.337779 4.98858
160 -140 -0.361783 4.98689
160 -130 -0.389449 4.98481
160 -120 -0.421681 4.98219
160 -110 -0.459704 4.97882
160 -100 -0.505225 4.97441
160 -90 -0.560688 4.96846
160 -80 -0.629721 4.96019
160 -70 -0.717937 4.94819
160 -60 -0.834487 4.92987
160 -50 -0.995295 4.89994
160 -40 -1.23047 4.84623
160 -30 -1.60326 4.73598
160 -20 -2.26373 4.4582
160 -10 -3.56245 3.50842
160 0 -5 0.00133363
160 10 -0.856124 -4.92616
160 20 -0.709153 -4.94945
160 30 -1.44691 -4.78607
160 40 -1.38907 -4.80317
160 50 -1.3011 -4.82775
160 60 -1.68769 -4.70656
160 70 -1.5543 -4.75228
160 80 -1.3136 -4.82436
160 90 -1.16247 -4.86299
160 100 -1.02067 -4.89472
160 110 -0.909161 -4.91665
160 120 -0.819313 -4.93242
160 130 -0.721927 -4.94761
160 140 -0.661894 -4.956
160 150 -0.61101 -4.96253
160 160 -0.567342 -4.96771
160 170 -0.529467 -4.97189
170 -180 -0.556424 4.96894
170 -170 -0.588713 4.96522
170 -160 -0.624948 4.96079
170 -150 -0.665895 4.95546
170 -140 -0.712523 4.94897
170 -130 -0.76609 4.94096
170 -120 -0.828243 4.93092
170 -110 -0.901189 4.91812
170 -100 -0.987941 4.90143
170 -90 -1.09272 4.87914
170 -80 -1.22158 4.84848
170 -70 -1.3835 4.80478
170 -60 -1.59221 4.73971
170 -50 -1.86939 4.63739
170 -40 -2.24993 4.46518
170 -30 -2.78832 4.15033
170 -20 -3.54907 3.52195
170 -10 -4.47884 2.22261
170 0 -5 0.000671999
170 10 -3.38415 -3.6807
170 20 -1.87307 -4.63591
170 30 -2.37845 -4.39806
170 40 -2.36114 -4.40738
170 50 -2.27276 -4.4536
170 60 -2.2331 -4.47362
170 70 -2.16437 -4.50727
170 80 -2.01282 -4.57696
170 90 -1.76252 -4.67905
170 100 -1.59337 -4.73932
170 110 -1.42855 -4.79158
170 120 -1.29349 -4.82979
170 130 -1.18106 -4.85851
170 140 -1.08616 -4.8806
170 150 -1.00507 -4.89794
170 160 -0.917367 -4.91512
170 170 -0.857291 -4.92596
-149.842 0.00121683 -0.470295 4.97783
-147.553 3.54628 0.195344 4.99618
-146.011 7.29742 0.744885 4.9442
-145.016 11.1978 1.14044 4.8682
-144.366 15.1906 1.37228 4.808
-143.861 19.2191 1.44432 4.78685
-143.3 23.2263 1.36265 4.81074
-142.486 27.1566 1.1657 4.86222
-141.36 31.0023 1.19217 4.85579
-140.053 34.8206 1.5339 4.7589
-138.707 38.6737 2.20403 4.48801
-137.466 42.6233 3.14293 3.8887
-136.398 46.6877 3.95319 3.06141
-135.312 50.7335 4.47502 2.2303
-133.961 54.5951 4.79657 1.41171
-132.098 58.1066 4.96733 0.570683
-129.502 61.1093 4.99212 -0.280535
-126.221 63.5176 4.91119 -0.938193
-122.46 65.2887 4.81015 -1.36472
-118.427 66.3808 4.74594 -1.57355
-114.329 66.7526 4.74276 -1.5831
-110.295 66.4389 4.78804 -1.44037
-106.318 65.6087 4.86549 -1.15197
-102.376 64.445 4.95036 -0.702788
-98.4487 63.1306 4.99929 -0.0844692
-94.5172 61.8359 4.97502 0.499155
-90.5767 60.6825 4.9259 0.85762
-86.6253 59.7806 4.89818 1.0039
-82.6612 59.2402 4.90909 0.949135
-78.6825 59.168 4.94977 0.706923
-74.6886 59.553 4.98399 0.399803
-70.6802 60.2386 4.99967 0.0571115
-66.6583 61.0594 4.98986 -0.318343
-62.6236 61.8498 4.94774 -0.721016
-58.5774 62.4566 4.88932 -1.04621
-54.5234 62.8115 4.87462 -1.11269
-50.4666 62.8828 4.91473 -0.919473
-46.4118 62.6387 4.97992 -0.447675
-42.3638 62.0476 4.99011 0.314393
-38.3267 61.1526 4.9178 0.902891
-34.3024 60.2105 4.89028 1.04173
-30.2922 59.5162 4.94383 0.747387
-26.2974 59.3639 4.99999 0.00735866
-22.3161 59.8649 4.95798 -0.646839
-18.3378 60.6731 4.91396 -0.923566
-14.3508 61.372 4.92767 -0.847378
-10.3435 61.555 4.97913 -0.456312
-6.31387 61.1345 4.9991 -0.0947512
-2.27103 60.4012 4.99771 0.151277
1.77533 59.6673 4.99222 0.278848
5.81709 59.2107 4.99057 0.306962
9.85745 59.0577 4.99256 0.272617
13.9046 59.1246 4.9969 0.176103
17.9669 59.3269 4.99998 0.0148526
22.0485 59.582 4.99959 -0.063755
26.1322 59.8166 4.99711 0.16983
30.1929 59.9607 4.9516 0.69398
34.2112 59.966 4.86913 1.13646
38.2194 59.9808 4.94597 0.733064
42.2772 60.2593 4.94893 -0.712773
46.4409 61.0382 4.20534 -2.70465
50.6597 62.0429 3.87309 -3.16215
54.7646 62.4332 4.53846 -2.09818
58.5881 61.3906 4.84353 1.24105
62.1198 59.1247 4.18901 2.72987
65.4948 56.7954 4.13826 2.80621
68.8534 55.598 4.67783 1.76577
72.3216 56.4987 4.99461 -0.232091
75.9313 58.941 4.80931 -1.36767
79.6756 61.7476 4.72295 -1.64126
83.5475 63.7422 4.86135 -1.16929
87.5278 64.243 4.98172 -0.427114
91.5706 63.6373 4.99396 0.245724
95.6266 62.4515 4.93991 0.772819
99.6466 61.2124 4.87067 1.12984
103.59 60.4088 4.83629 1.26899
107.498 60.1703 4.88689 1.05749
111.456 60.4285 4.98301 0.411829
115.553 61.1129 4.91795 -0.902064
119.872 62.1509 4.10025 -2.86146
124.37 63.322 2.86193 -4.09992
128.773 64.1482 1.92639 -4.614
132.789 64.1261 1.30934 -4.82552
136.124 62.7604 0.903041 -4.91778
138.653 59.9562 0.636484 -4.95932
140.481 56.1898 0.535351 -4.97126
141.731 51.9812 0.618817 -4.96156
142.533 47.8126 0.787677 -4.93757
143.05 43.8042 0.788916 -4.93737
143.467 39.8754 0.613417 -4.96223
143.965 35.9442 0.295774 -4.99124
144.596 31.9698 0.153314 -4.99765
145.253 27.9607 0.259089 -4.99328
145.821 23.9283 0.614788 -4.96206
146.214 19.8846 1.05963 -4.88643
146.519 15.8436 1.38211 -4.80518
146.885 11.8201 1.62234 -4.72948
147.462 7.82887 1.80687 -4.6621
148.398 3.88481 1.9524 -4.60306
149.843 0.00270907 2.08016 -4.54675
