111.76 -76.2
137.16 -76.2
137.16 50.8
111.76 50.8
-38.1 -38.1
38.1 -38.1
38.1 38.1
-38.1 38.1
-129.54 -68.58
-104.14 -68.58
-104.14 58.42
-129.54 58.42
-170 0
-170 0 -161.246 15.5129
-161.246 15.5129 -152.299 30.0966
-152.299 30.0966 -146.077 40.6459
-146.077 40.6459 -138.759 52.5228
-138.759 52.5228 -126.302 61.5766
-126.302 61.5766 -111.657 63.5833
-111.657 63.5833 -93.9081 61.9832
-93.9081 61.9832 -80.5583 61.3871
-80.5583 61.3871 -66.5806 59.852
-66.5806 59.852 -48.8988 56.3218
-48.8988 56.3218 -29.6999 56.0154
-29.6999 56.0154 -11.8428 52.4023
-11.8428 52.4023 6.50548 49.4481
6.50548 49.4481 23.6047 45.3974
23.6047 45.3974 33.95 41.2036
33.95 41.2036 49.6373 30.487
49.6373 30.487 59.9071 24.4755
59.9071 24.4755 67.297 19.9951
67.297 19.9951 82.1828 9.99876
82.1828 9.99876 98.0542 1.60641
98.0542 1.60641 100 0
