111.76 -76.2
137.16 -76.2
137.16 50.8
111.76 50.8
-38.1 -38.1
38.1 -38.1
38.1 38.1
-38.1 38.1
-129.54 -68.58
-104.14 -68.58
-104.14 58.42
-129.54 58.42
-149.998 7.37542e-06
-147.265 1.40648
-144.758 3.05796
-142.509 5.01579
-140.604 7.31707
-139.148 9.93567
-138.2 12.7813
-137.729 15.7463
-137.646 18.7507
-137.851 21.7518
-138.253 24.7339
-138.774 27.6965
-139.351 30.6471
-139.924 33.6002
-140.43 36.5668
-140.797 39.5532
-140.936 42.5567
-140.736 45.5534
-140.072 48.4804
-138.854 51.2263
-137.14 53.6963
-135.066 55.8727
-132.734 57.7682
-130.209 59.3995
-127.533 60.7757
-124.738 61.8945
-121.849 62.739
-118.897 63.2906
-115.906 63.5616
-112.902 63.5803
-109.903 63.3855
-106.919 63.0212
-103.953 62.5321
-101.001 61.9619
-98.0564 61.3524
-95.1119 60.7446
-92.159 60.1794
-89.1946 59.6805
-86.2208 59.241
-83.2401 58.8505
-80.2546 58.4982
-77.266 58.1732
-74.2757 57.8645
-71.2848 57.5609
-68.2945 57.2513
-65.3061 56.9245
-62.321 56.5694
-59.3408 56.175
-56.3668 55.7354
-53.3985 55.2586
-50.4347 54.7548
-47.4738 54.234
-44.5141 53.7063
-41.5538 53.1816
-38.5912 52.6701
-35.6247 52.1818
-32.6529 51.7271
-29.6747 51.3166
-26.6895 50.9612
-23.6974 50.6718
-20.6997 50.4528
-17.698 50.2939
-14.6942 50.1832
-11.6891 50.1085
-8.68357 50.0576
-5.67781 50.0183
-2.67204 49.9787
0.333534 49.9271
3.3386 49.8523
6.34257 49.7436
9.34464 49.5906
12.3449 49.3835
15.3401 49.1121
18.3275 48.766
21.3036 48.3334
24.2634 47.8019
27.2006 47.158
30.1068 46.3868
32.9708 45.4726
35.7784 44.3988
38.5117 43.1487
41.1486 41.7073
43.663 40.0622
46.031 38.2125
48.2506 36.1859
50.3319 34.0166
52.2898 31.735
54.1422 29.3669
55.9083 26.9339
57.6073 24.4536
59.2583 21.9411
60.8798 19.4093
62.4899 16.8703
64.1069 14.3355
65.7489 11.8167
67.4345 9.32707
69.1828 6.88124
71.0133 4.49671
72.9458 2.19452
74.9993 1.72748e-05
